'22',20100,63000,74500,2623
'22',20100,74500,84500,2623
'22',20100,84500,94500,2623
'22',20100,94500,104500,2623
'22',20100,104500,114500,2623
'22',20100,114500,124500,2623
'22',20100,124500,134500,2623
'22',20100,134500,144500,2623
'22',20100,144500,154500,2623
'22',20100,154500,164500,2623
'22',20100,164500,174500,2623
'22',20100,174500,184500,2623
'22',20100,184500,194500,2623
'22',20100,194500,204500,2623
'22',20100,204500,215500,2623
'23',20100,63000,74500,2623
'23',20100,74500,84500,2623
'23',20100,84500,94500,2623
'23',20100,94500,104500,2623
'23',20100,104500,114500,2623
'23',20100,114500,124500,2623
'23',20100,124500,134500,2623
'23',20100,134500,144500,2623
'23',20100,144500,154500,2623
'23',20100,154500,164500,2623
'23',20100,164500,174500,2623
'23',20100,174500,184500,2623
'23',20100,184500,194500,2623
'23',20100,194500,204500,2623
'23',20100,204500,215500,2623
