'22',40100,63500,75000,2329
'22',40100,75000,85000,2329
'22',40100,85000,95000,2329
'22',40100,95000,105000,2329
'22',40100,105000,115000,2329
'22',40100,115000,125000,2329
'22',40100,125000,135000,2329
'22',40100,135000,145000,2329
'22',40100,145000,155000,2329
'22',40100,155000,165000,2329
'22',40100,165000,175000,2329
'22',40100,175000,185000,2329
'22',40100,185000,195000,2329
'22',40100,195000,205000,2329
'22',40100,205000,215100,2329
'23',40100,63500,75000,2329
'23',40100,75000,85000,2329
'23',40100,85000,95000,2329
'23',40100,95000,105000,2329
'23',40100,105000,115000,2329
'23',40100,115000,125000,2329
'23',40100,125000,135000,2329
'23',40100,135000,145000,2329
'23',40100,145000,155000,2329
'23',40100,155000,165000,2329
'23',40100,165000,175000,2329
'23',40100,175000,185000,2329
'23',40100,185000,195000,2329
