'17',401230709,63500,75000,2708
'17',401230709,75000,85000,2708
'17',401230709,85000,95000,2708
'17',401230709,95000,105000,2708
'17',401230709,105000,115000,2708
'17',401230709,115000,125000,2708
'17',401230709,125000,135000,2708
'17',401230709,135000,145000,2708
'17',401230709,145000,155000,2708
'17',401230709,155000,165000,2708
'17',401230709,165000,175000,2708
'17',401230709,175000,185000,2708
'17',401230709,185000,195000,2708
'17',401230709,195000,205000,2708
'17',401230709,205000,220000,2708
'20',401230709,63500,75000,2708
'20',401230709,75000,85000,2708
'20',401230709,85000,95000,2708
'20',401230709,95000,105000,2708
'20',401230709,105000,115000,2708
'20',401230709,115000,125000,2708
'20',401230709,125000,135000,2708
'20',401230709,135000,145000,2708
'20',401230709,145000,155000,2708
'20',401230709,155000,165000,2708
'20',401230709,165000,175000,2708
'20',401230709,175000,185000,2708
'20',401230709,185000,195000,2708
'20',401230709,195000,205000,2708
'20',401230709,205000,220000,2708
'21',401230709,63500,75000,2708
'21',401230709,75000,85000,2708
'21',401230709,85000,95000,2708
'21',401230709,95000,105000,2708
'21',401230709,105000,115000,2708
'21',401230709,115000,125000,2708
'21',401230709,125000,135000,2708
'21',401230709,135000,145000,2708
'21',401230709,145000,155000,2708
'21',401230709,155000,165000,2708
'21',401230709,165000,175000,2708
'21',401230709,175000,185000,2708
'21',401230709,185000,195000,2708
'21',401230709,195000,205000,2708
'21',401230709,205000,220000,2708
