'22',40200,63000,74500,2296
'22',40200,74500,84500,2296
'22',40200,84500,94500,2296
'22',40200,94500,104500,2296
'22',40200,104500,114500,2296
'22',40200,114500,124500,2296
'22',40200,124500,134500,2296
'22',40200,134500,144500,2296
'22',40200,144500,154500,2296
'22',40200,154500,164500,2296
'22',40200,164500,174500,2296
'22',40200,174500,184500,2296
'22',40200,184500,194500,2296
'22',40200,194500,204500,2296
'22',40200,204500,215000,2296
'23',40200,63000,74500,2296
'23',40200,74500,84500,2296
'23',40200,84500,94500,2296
'23',40200,94500,104500,2296
'23',40200,104500,114500,2296
'23',40200,114500,124500,2296
'23',40200,124500,134500,2296
'23',40200,134500,144500,2296
'23',40200,144500,154500,2296
'23',40200,154500,164500,2296
'23',40200,164500,174500,2296
'23',40200,174500,184500,2296
'23',40200,184500,194500,2296
'23',40200,194500,204500,2296
'23',40200,204500,215000,2296
