'17',20209,65000,80500,1906
'17',20209,80500,90500,1906
'17',20209,90500,100500,1906
'17',20209,100500,110500,1906
'17',20209,110500,120500,1906
'17',20209,120500,130500,1906
'17',20209,130500,140500,1906
'17',20209,140500,150500,1906
'17',20209,150500,160500,1906
'17',20209,160500,170500,1906
'17',20209,170500,180500,1906
'17',20209,180500,190500,1906
'17',20209,190500,200500,1906
'17',20209,200500,210500,1906
'17',20209,210500,221500,1906
'20',20209,65000,80500,1906
'20',20209,80500,90500,1906
'20',20209,90500,100500,1906
'20',20209,100500,110500,1906
'20',20209,110500,120500,1906
'20',20209,120500,130500,1906
'20',20209,130500,140500,1906
'20',20209,140500,150500,1906
'20',20209,150500,160500,1906
'20',20209,160500,170500,1906
'20',20209,170500,180500,1906
'20',20209,180500,190500,1906
'20',20209,190500,200500,1906
'20',20209,200500,210500,1906
'20',20209,210500,221500,1906
'21',20209,65000,80500,1906
'21',20209,80500,90500,1906
'21',20209,90500,100500,1906
'21',20209,100500,110500,1906
'21',20209,110500,120500,1906
'21',20209,120500,130500,1906
'21',20209,130500,140500,1906
'21',20209,140500,150500,1906
'21',20209,150500,160500,1906
'21',20209,160500,170500,1906
'21',20209,170500,180500,1906
'21',20209,180500,190500,1906
'21',20209,190500,200500,1906
'21',20209,200500,210500,1906
'21',20209,210500,221500,1906
