109,17,1,0
109,13,2,0
109,136,3,0
109,2,4,0
109,4,5,0
109,14,6,0
109,3,7,0
109,83,8,0
109,6,9,0
109,1,10,0
109,7,11,0
109,5,12,0
109,8,13,0
109,19,14,0
109,173,15,0
109,11,16,0
109,12,17,0
109,18,18,0
109,16,19,0
109,172,20,0
109,20,21,0
109,22,22,0
109,24,23,0
109,81,24,0
109,26,25,0
109,28,26,0
109,30,27,0
109,108,28,0
109,36,29,0
109,35,30,0
109,171,31,0
109,34,32,0
109,33,33,0
109,32,34,0
109,38,35,0
109,37,36,0
109,46,37,0
109,50,38,0
109,49,39,0
109,48,40,0
109,45,41,0
109,44,42,0
109,47,43,0
109,41,44,0
109,40,45,0
109,39,46,0
109,43,47,0
109,42,48,0
109,115,49,0
109,31,50,0
109,29,51,0
109,27,52,0
109,96,53,0
109,97,54,0
109,93,55,0
109,107,56,0
109,23,57,0
109,21,58,1
209,17,1,0
209,13,2,0
209,136,3,0
209,2,4,0
209,71,5,0
209,70,6,0
209,72,7,0
209,63,8,0
209,60,9,0
209,61,10,0
209,62,11,0
209,69,12,0
209,8,13,0
209,19,14,0
209,11,15,0
209,12,16,0
209,18,17,0
209,16,18,0
209,172,19,0
209,20,20,0
209,22,21,0
209,24,22,0
209,81,23,0
209,141,24,0
209,78,25,0
209,91,26,0
209,76,27,0
209,74,28,0
209,151,29,0
209,64,30,0
209,134,31,0
209,65,32,0
209,66,33,0
209,55,34,0
209,56,35,0
209,57,36,0
209,58,37,0
209,51,38,0
209,52,39,0
209,53,40,0
209,54,41,0
209,59,42,0
209,130,43,0
209,129,44,0
209,67,45,0
209,68,46,0
209,75,47,0
209,73,48,0
209,79,49,0
209,80,50,0
209,96,51,0
209,97,52,0
209,93,53,0
209,107,54,0
209,23,55,0
209,21,56,1
309,17,1,0
309,13,2,0
309,136,3,0
309,2,4,0
309,4,5,0
309,14,6,0
309,3,7,0
309,83,8,0
309,6,9,0
309,1,10,0
309,7,11,0
309,5,12,0
309,8,13,0
309,11,14,0
309,12,15,0
309,18,16,0
309,16,17,0
309,172,18,0
309,20,19,0
309,22,20,0
309,24,21,0
309,81,22,0
309,141,23,0
309,95,24,0
309,98,25,0
309,99,26,0
309,91,27,0
309,155,28,0
309,150,29,0
309,84,30,0
309,86,31,0
309,73,32,0
309,79,33,0
309,87,34,0
309,88,35,0
309,152,36,0
309,153,37,0
309,154,38,0
309,82,39,0
309,85,40,0
309,89,41,0
309,90,42,0
309,92,43,0
309,94,44,0
309,80,45,0
309,96,46,0
309,97,47,0
309,93,48,0
309,107,49,0
309,23,50,0
309,21,51,1
409,16,1,0
409,172,2,0
409,20,3,0
409,22,4,0
409,24,5,0
409,81,6,0
409,26,7,0
409,28,8,0
409,30,9,0
409,108,10,0
409,36,11,0
409,35,12,0
409,116,13,0
409,109,14,0
409,110,15,0
409,111,16,0
409,112,17,0
409,175,18,0
409,156,19,0
409,113,20,0
409,114,21,0
409,32,22,0
409,38,23,0
409,37,24,0
409,46,25,0
409,50,26,0
409,49,27,0
409,48,28,0
409,45,29,0
409,44,30,0
409,47,31,0
409,117,32,0
409,157,33,0
409,119,34,0
409,120,35,0
409,158,36,0
409,118,37,0
409,40,38,0
409,39,39,0
409,43,40,0
409,42,41,0
409,115,42,0
409,31,43,0
409,29,44,0
409,27,45,0
409,96,46,0
409,97,47,0
409,93,48,0
409,107,49,0
409,106,50,0
409,105,51,0
409,104,52,0
409,103,53,0
409,101,54,0
409,100,55,0
409,102,56,0
409,12,57,0
409,18,58,1
609,141,1,0
609,91,2,0
609,76,3,0
609,74,4,0
609,162,5,0
609,163,6,0
609,64,7,0
609,134,8,0
609,65,9,0
609,128,10,0
609,57,11,0
609,58,12,0
609,51,13,0
609,52,14,0
609,53,15,0
609,54,16,0
609,59,17,0
609,130,18,0
609,129,19,0
609,67,20,0
609,68,21,0
609,75,22,0
609,73,23,0
609,79,24,0
609,139,25,0
609,140,26,0
609,142,27,0
609,174,28,0
609,108,29,0
609,36,30,0
609,35,31,0
609,34,32,0
609,33,33,0
609,32,34,0
609,38,35,0
609,41,36,0
609,40,37,0
609,39,38,0
609,161,39,0
609,160,40,0
609,165,41,0
609,166,42,0
609,167,43,0
609,168,44,0
609,169,45,0
609,43,46,0
609,42,47,0
609,115,48,0
609,31,49,0
609,29,50,0
609,27,51,1
709,17,1,0
709,13,2,0
709,136,3,0
709,2,4,0
709,4,5,0
709,14,6,0
709,3,7,0
709,83,8,0
709,6,9,0
709,1,10,0
709,7,11,0
709,5,12,0
709,8,13,0
709,19,14,0
709,173,15,0
709,11,16,0
709,12,17,0
709,18,18,0
709,16,19,0
709,172,20,0
709,20,21,0
709,22,22,0
709,24,23,0
709,81,24,0
709,26,25,0
709,28,26,0
709,30,27,0
709,108,28,0
709,161,29,0
709,160,30,0
709,165,31,0
709,166,32,0
709,167,33,0
709,168,34,0
709,169,35,0
709,115,36,0
709,31,37,0
709,29,38,0
709,27,39,0
709,96,40,0
709,97,41,0
709,93,42,0
709,107,43,0
709,23,44,0
709,21,45,1
100509,17,1,0
100509,13,2,0
100509,136,3,0
100509,135,4,0
100509,131,5,0
100509,127,6,0
100509,123,7,0
100509,121,8,0
100509,129,9,0
100509,134,10,0
100509,65,11,0
100509,128,12,0
100509,57,13,0
100509,58,14,0
100509,125,15,0
100509,59,16,0
100509,130,17,0
100509,122,18,0
100509,124,19,0
100509,126,20,0
100509,132,21,0
100509,102,22,0
100509,12,23,0
100509,18,24,0
100509,16,25,1
200509,16,1,0
200509,172,2,0
200509,20,3,0
200509,22,4,0
200509,24,5,0
200509,81,6,0
200509,141,7,0
200509,139,8,0
200509,140,9,0
200509,142,10,0
200509,143,11,0
200509,144,12,0
200509,174,13,0
200509,146,14,0
200509,147,15,0
200509,149,16,0
200509,148,17,0
200509,31,18,0
200509,29,19,0
200509,27,20,0
200509,96,21,0
200509,97,22,0
200509,93,23,0
200509,107,24,0
200509,21,25,0
200509,17,26,1
10000009,2,1,0
10000009,71,2,0
10000009,70,3,0
10000009,72,4,0
10000009,63,5,0
10000009,60,6,0
10000009,61,7,0
10000009,62,8,0
10000009,69,9,0
10000009,8,10,0
10000009,11,11,0
10000009,78,12,1
