'17',10100009,64500,72000,865
'17',10100009,72000,75000,845
'17',10100009,75000,82000,845
'17',10100009,82000,85000,845
'17',10100009,85000,92000,845
'17',10100009,92000,95000,845
'17',10100009,95000,102000,845
'17',10100009,102000,105000,845
'17',10100009,105000,112000,845
'17',10100009,112000,115000,845
'17',10100009,115000,122000,845
'17',10100009,122000,125000,845
'17',10100009,125000,132000,845
'17',10100009,132000,135000,845
'17',10100009,135000,142000,845
'17',10100009,142000,145000,845
'17',10100009,145000,152000,845
'17',10100009,152000,155000,845
'17',10100009,155000,162000,845
'17',10100009,162000,165000,845
'17',10100009,165000,172000,845
'17',10100009,172000,175000,845
'17',10100009,175000,182000,845
'17',10100009,182000,185000,845
'17',10100009,185000,192000,845
'17',10100009,192000,195000,845
'17',10100009,195000,202000,845
'17',10100009,202000,205000,845
'17',10100009,205000,212000,845
'17',10100009,212000,215000,845
'17',10100009,215000,220500,1291
'20',10100009,64500,72000,865
'20',10100009,72000,75000,845
'20',10100009,75000,82000,845
'20',10100009,82000,85000,845
'20',10100009,85000,92000,845
'20',10100009,92000,95000,845
'20',10100009,95000,102000,845
'20',10100009,102000,105000,845
'20',10100009,105000,112000,845
'20',10100009,112000,115000,845
'20',10100009,115000,122000,845
'20',10100009,122000,125000,845
'20',10100009,125000,132000,845
'20',10100009,132000,135000,845
'20',10100009,135000,142000,845
'20',10100009,142000,145000,845
'20',10100009,145000,152000,845
'20',10100009,152000,155000,845
'20',10100009,155000,162000,845
'20',10100009,162000,165000,845
'20',10100009,165000,172000,845
'20',10100009,172000,175000,845
'20',10100009,175000,182000,845
'20',10100009,182000,185000,845
'20',10100009,185000,192000,845
'20',10100009,192000,195000,845
'21',10100009,64500,72000,865
'21',10100009,72000,75000,845
'21',10100009,75000,82000,845
'21',10100009,82000,85000,845
'21',10100009,85000,92000,845
'21',10100009,92000,95000,845
'21',10100009,95000,102000,845
'21',10100009,102000,105000,845
'21',10100009,105000,112000,845
'21',10100009,112000,115000,845
'21',10100009,115000,122000,845
'21',10100009,122000,125000,845
'21',10100009,125000,132000,845
'21',10100009,132000,135000,845
'21',10100009,135000,142000,845
'21',10100009,142000,145000,845
'21',10100009,145000,152000,845
'21',10100009,152000,155000,845
'21',10100009,155000,162000,845
'21',10100009,162000,165000,845
'21',10100009,165000,172000,845
'21',10100009,172000,175000,845
'21',10100009,175000,182000,845
'21',10100009,182000,185000,845
'21',10100009,185000,192000,845
'21',10100009,192000,195000,845
