101019,'30',704,,282,70,,,0,30,,278,70,,,0,70,,283,70,,,0,30,,279,70,,,0,70,,284,70,,,0,100,,285,70,,,0,100,,286,70,,,0,100,,287,70,,,0,100,,288,70,,,0,100,,289,70,,,0,100,,290,70,,,0,100,,291,70,,,0,30,,280,70,,,0,70,,292,70,,,0,30,,281,70,,,0,70,,293,70,,,0,100,,294,70,,,0,100,,276,70,,,0,100,,277,70,,,0
101019,'31',704,,295,70,,,0,100,,296,70,,,0,100,,297,70,,,0,100,,298,70,,,0,100,,299,70,,,0,100,,300,70,,,0,100,,301,70,,,0,100,,302,70,,,0,100,,303,70,,,0,100,,304,70,,,0,100,,305,70,,,0,100,,306,70,,,0,100,,307,70,,,0
201019,'30',644,,408,70,,,0,100,,409,70,,,0,100,,410,70,,,0,100,,411,70,,,0,100,,412,70,,,0,100,,413,70,,,0,100,,414,70,,,0,100,,415,70,,,0,100,,416,70,,,0,100,,417,70,,,0,100,,418,70,,,0,100,,419,70,,,0,100,,420,70,,,0,100,,406,70,,,0,100,,407,70,,,0
201019,'31',644,,421,70,,,0,100,,422,70,,,0,100,,423,70,,,0,100,,424,70,,,0,100,,425,70,,,0,100,,426,70,,,0,100,,427,70,,,0,100,,428,70,,,0,100,,429,70,,,0,100,,430,70,,,0,100,,431,70,,,0,100,,432,70,,,0,100,,433,70,,,0
202019,'30',729,,449,460,,,0,100,,450,460,,,0,100,,451,460,,,0,100,,452,460,,,0,100,,453,460,,,0,100,,454,460,,,0,100,,455,460,,,0,100,,456,460,,,0,100,,457,460,,,0,100,,458,460,,,0,100,,459,460,,,0,100,,460,460,,,0,100,,461,460,,,0,100,,447,460,,,0,100,,448,460,,,0
202019,'31',729,,462,460,,,0,100,,463,460,,,0,100,,464,460,,,0,100,,465,460,,,0,100,,466,460,,,0,100,,467,460,,,0,100,,468,460,,,0,100,,469,460,,,0,100,,470,460,,,0,100,,471,460,,,0,100,,472,460,,,0,100,,473,460,,,0,100,,474,460,,,0
301019,'30',734,,490,460,,,0,100,,491,460,,,0,100,,492,460,,,0,100,,493,460,,,0,100,,494,460,,,0,100,,495,460,,,0,100,,496,460,,,0,100,,497,460,,,0,100,,498,460,,,0,100,,499,460,,,0,100,,500,460,,,0,100,,501,460,,,0,100,,502,460,,,0,100,,488,460,,,0,100,,489,460,,,0
301019,'31',734,,503,460,,,0,100,,504,460,,,0,100,,505,460,,,0,100,,506,460,,,0,100,,507,460,,,0,100,,508,460,,,0,100,,509,460,,,0,100,,510,460,,,0,100,,511,460,,,0,100,,512,460,,,0,100,,513,460,,,0,100,,514,460,,,0,100,,515,460,,,0
401019,'30',649,,576,80,,,0,70,,572,80,,,0,30,,577,80,,,0,70,,573,80,,,0,30,,578,80,,,0,100,,579,80,,,0,100,,580,80,,,0,100,,581,80,,,0,100,,582,80,,,0,100,,583,80,,,0,100,,584,80,,,0,100,,585,80,,,0,70,,574,80,,,0,30,,586,80,,,0,70,,575,80,,,0,30,,587,80,,,0,100,,588,80,,,0,100,,570,80,,,0,100,,571,80,,,0
401019,'31',649,,589,80,,,0,100,,590,80,,,0,100,,591,80,,,0,100,,592,80,,,0,100,,593,80,,,0,100,,594,80,,,0,100,,595,80,,,0,100,,596,80,,,0,100,,597,80,,,0,100,,598,80,,,0,100,,599,80,,,0,100,,600,80,,,0,100,,601,80,,,0
