'22',10100000,64500,72000,933
'22',10100000,72000,75000,913
'22',10100000,75000,82000,913
'22',10100000,82000,85000,913
'22',10100000,85000,92000,913
'22',10100000,92000,95000,913
'22',10100000,95000,102000,913
'22',10100000,102000,105000,913
'22',10100000,105000,112000,913
'22',10100000,112000,115000,913
'22',10100000,115000,122000,913
'22',10100000,122000,125000,913
'22',10100000,125000,132000,913
'22',10100000,132000,135000,913
'22',10100000,135000,142000,913
'22',10100000,142000,145000,913
'22',10100000,145000,152000,913
'22',10100000,152000,155000,913
'22',10100000,155000,162000,913
'22',10100000,162000,165000,913
'22',10100000,165000,172000,913
'22',10100000,172000,175000,913
'22',10100000,175000,182000,913
'22',10100000,182000,185000,913
'22',10100000,185000,192000,913
'22',10100000,192000,195000,913
'22',10100000,195000,202000,913
'22',10100000,202000,205000,913
'22',10100000,205000,212000,913
'22',10100000,212000,215000,913
'23',10100000,64500,72000,933
'23',10100000,72000,75000,913
'23',10100000,75000,82000,913
'23',10100000,82000,85000,913
'23',10100000,85000,92000,913
'23',10100000,92000,95000,913
'23',10100000,95000,102000,913
'23',10100000,102000,105000,913
'23',10100000,105000,112000,913
'23',10100000,112000,115000,913
'23',10100000,115000,122000,913
'23',10100000,122000,125000,913
'23',10100000,125000,132000,913
'23',10100000,132000,135000,913
'23',10100000,135000,142000,913
'23',10100000,142000,145000,913
'23',10100000,145000,152000,913
'23',10100000,152000,155000,913
'23',10100000,155000,162000,913
'23',10100000,162000,165000,913
'23',10100000,165000,172000,913
'23',10100000,172000,175000,913
'23',10100000,175000,182000,913
'23',10100000,182000,185000,913
'23',10100000,185000,192000,913
'23',10100000,192000,195000,913
