'30',302019,70000,74900,952
'30',302019,80000,84900,952
'30',302019,90000,94900,952
'30',302019,100000,104900,952
'30',302019,110000,114900,952
'30',302019,120000,124900,952
'30',302019,130000,134900,952
'30',302019,140000,144900,952
'30',302019,150000,154900,952
'30',302019,160000,164900,952
'30',302019,170000,174900,952
'30',302019,180000,184900,952
'30',302019,190000,194900,952
'30',302019,200000,204900,2858
'30',302019,210000,214900,2858
'31',302019,70000,74900,952
'31',302019,80000,84900,952
'31',302019,90000,94900,952
'31',302019,100000,104900,952
'31',302019,110000,114900,952
'31',302019,120000,124900,952
'31',302019,130000,134900,952
'31',302019,140000,144900,952
'31',302019,150000,154900,952
'31',302019,160000,164900,952
'31',302019,170000,174900,952
'31',302019,180000,184900,952
'31',302019,190000,194900,952
