'22',4000,63500,75000,2329
'22',4000,75000,85000,2329
'22',4000,85000,95000,2329
'22',4000,95000,105000,2329
'22',4000,105000,115000,2329
'22',4000,115000,125000,2329
'22',4000,125000,135000,2329
'22',4000,135000,145000,2329
'22',4000,145000,155000,2329
'22',4000,155000,165000,2329
'22',4000,165000,175000,2329
'22',4000,175000,185000,2329
'22',4000,185000,195000,2329
'22',4000,195000,205000,2329
'22',4000,205000,215100,2329
'23',4000,63500,75000,2329
'23',4000,75000,85000,2329
'23',4000,85000,95000,2329
'23',4000,95000,105000,2329
'23',4000,105000,115000,2329
'23',4000,115000,125000,2329
'23',4000,125000,135000,2329
'23',4000,135000,145000,2329
'23',4000,145000,155000,2329
'23',4000,155000,165000,2329
'23',4000,165000,175000,2329
'23',4000,175000,185000,2329
'23',4000,185000,195000,2329
