'30',402019,64500,73200,1092
'30',402019,74500,83200,1092
'30',402019,84500,93200,1092
'30',402019,94500,103200,1092
'30',402019,104500,113200,1092
'30',402019,114500,123200,1092
'30',402019,124500,133200,1092
'30',402019,134500,143200,1092
'30',402019,144500,153200,1092
'30',402019,154500,163200,1092
'30',402019,164500,173200,1092
'30',402019,174500,183200,1092
'30',402019,184500,193200,1092
'30',402019,194500,203200,3276
'30',402019,204500,213200,3276
'31',402019,64500,73200,1092
'31',402019,74500,83200,1092
'31',402019,84500,93200,1092
'31',402019,94500,103200,1092
'31',402019,104500,113200,1092
'31',402019,114500,123200,1092
'31',402019,124500,133200,1092
'31',402019,134500,143200,1092
'31',402019,144500,153200,1092
'31',402019,154500,163200,1092
'31',402019,164500,173200,1092
'31',402019,174500,183200,1092
'31',402019,184500,193200,1092
