101019,'30',747,,282,410,,,0,70,,278,410,,,0,30,,283,410,,,0,70,,279,410,,,0,30,,284,410,,,0,100,,285,410,,,0,100,,286,410,,,0,100,,287,410,,,0,100,,288,410,,,0,100,,289,410,,,0,100,,290,410,,,0,100,,291,410,,,0,70,,280,410,,,0,30,,292,410,,,0,70,,281,410,,,0,30,,293,410,,,0,100,,294,410,,,0,100,,276,410,,,0,100,,277,410,,,0
101019,'31',747,,295,410,,,0,100,,296,410,,,0,100,,297,410,,,0,100,,298,410,,,0,100,,299,410,,,0,100,,300,410,,,0,100,,301,410,,,0,100,,302,410,,,0,100,,303,410,,,0,100,,304,410,,,0,100,,305,410,,,0,100,,306,410,,,0,100,,307,410,,,0
102019,'30',649,,341,210,,,0,70,,354,210,,,0,30,,342,210,,,0,70,,355,210,,,0,15,,325,210,,,0,15,,343,210,,,0,70,,356,210,,,0,30,,344,210,,,0,70,,357,210,,,0,30,,345,210,,,0,70,,358,210,,,0,30,,346,210,,,0,70,,359,210,,,0,30,,347,210,,,0,70,,360,210,,,0,30,,348,210,,,0,70,,361,210,,,0,30,,349,210,,,0,70,,362,210,,,0,15,,326,210,,,0,15,,350,210,,,0,70,,363,210,,,0,30,,351,210,,,0,70,,364,210,,,0,30,,352,210,,,0,70,,365,210,,,0,30,,353,210,,,0,70,,366,210,,,0,30,,321,210,,,0,70,,339,210,,,0,30,,322,210,,,0,70,,340,210,,,0,30,,323,210,,,0
102019,'31',649,,367,210,,,0,70,,380,210,,,0,30,,368,210,,,0,70,,381,210,,,0,30,,369,210,,,0,70,,382,210,,,0,30,,370,210,,,0,70,,383,210,,,0,30,,371,210,,,0,70,,384,210,,,0,30,,372,210,,,0,70,,385,210,,,0,30,,373,210,,,0,70,,386,210,,,0,30,,374,210,,,0,70,,387,210,,,0,30,,375,210,,,0,70,,388,210,,,0,30,,376,210,,,0,70,,389,210,,,0,30,,377,210,,,0,70,,390,210,,,0,30,,378,210,,,0,70,,391,210,,,0,30,,379,210,,,0,70,,392,210,,,0
201019,'30',729,,408,590,,,0,100,,409,590,,,0,100,,410,590,,,0,100,,411,590,,,0,100,,412,590,,,0,100,,413,590,,,0,100,,414,590,,,0,100,,415,590,,,0,100,,416,590,,,0,100,,417,590,,,0,100,,418,590,,,0,100,,419,590,,,0,100,,420,590,,,0,100,,406,590,,,0,100,,407,590,,,0
201019,'31',729,,421,590,,,0,100,,422,590,,,0,100,,423,590,,,0,100,,424,590,,,0,100,,425,590,,,0,100,,426,590,,,0,100,,427,590,,,0,100,,428,590,,,0,100,,429,590,,,0,100,,430,590,,,0,100,,431,590,,,0,100,,432,590,,,0,100,,433,590,,,0
202019,'30',722,,449,380,,,0,100,,450,380,,,0,100,,451,380,,,0,100,,452,380,,,0,100,,453,380,,,0,100,,454,380,,,0,100,,455,380,,,0,100,,456,380,,,0,100,,457,380,,,0,100,,458,380,,,0,100,,459,380,,,0,100,,460,380,,,0,100,,461,380,,,0,100,,447,380,,,0,100,,448,380,,,0
202019,'31',722,,462,380,,,0,100,,463,380,,,0,100,,464,380,,,0,100,,465,380,,,0,100,,466,380,,,0,100,,467,380,,,0,100,,468,380,,,0,100,,469,380,,,0,100,,470,380,,,0,100,,471,380,,,0,100,,472,380,,,0,100,,473,380,,,0,100,,474,380,,,0
301019,'30',726,,490,380,,,0,100,,491,380,,,0,100,,492,380,,,0,100,,493,380,,,0,100,,494,380,,,0,100,,495,380,,,0,100,,496,380,,,0,100,,497,380,,,0,100,,498,380,,,0,100,,499,380,,,0,100,,500,380,,,0,100,,501,380,,,0,100,,502,380,,,0,100,,488,380,,,0,100,,489,380,,,0
301019,'31',726,,503,380,,,0,100,,504,380,,,0,100,,505,380,,,0,100,,506,380,,,0,100,,507,380,,,0,100,,508,380,,,0,100,,509,380,,,0,100,,510,380,,,0,100,,511,380,,,0,100,,512,380,,,0,100,,513,380,,,0,100,,514,380,,,0,100,,515,380,,,0
302019,'30',749,,531,510,,,0,100,,532,510,,,0,100,,533,510,,,0,100,,534,510,,,0,100,,535,510,,,0,100,,536,510,,,0,100,,537,510,,,0,100,,538,510,,,0,100,,539,510,,,0,100,,540,510,,,0,100,,541,510,,,0,100,,542,510,,,0,100,,543,510,,,0,100,,529,510,,,0,100,,530,510,,,0
302019,'31',749,,544,510,,,0,100,,545,510,,,0,100,,546,510,,,0,100,,547,510,,,0,100,,548,510,,,0,100,,549,510,,,0,100,,550,510,,,0,100,,551,510,,,0,100,,552,510,,,0,100,,553,510,,,0,100,,554,510,,,0,100,,555,510,,,0,100,,556,510,,,0
401019,'30',731,,576,540,,,0,70,,572,540,,,0,30,,577,540,,,0,70,,573,540,,,0,30,,578,540,,,0,100,,579,540,,,0,100,,580,540,,,0,100,,581,540,,,0,100,,582,540,,,0,100,,583,540,,,0,100,,584,540,,,0,100,,585,540,,,0,70,,574,540,,,0,30,,586,540,,,0,70,,575,540,,,0,30,,587,540,,,0,100,,588,540,,,0,100,,570,540,,,0,100,,571,540,,,0
401019,'31',731,,589,540,,,0,100,,590,540,,,0,100,,591,540,,,0,100,,592,540,,,0,100,,593,540,,,0,100,,594,540,,,0,100,,595,540,,,0,100,,596,540,,,0,100,,597,540,,,0,100,,598,540,,,0,100,,599,540,,,0,100,,600,540,,,0,100,,601,540,,,0
