101019,'30',746,,282,400,,,0,70,,278,400,,,0,30,,283,400,,,0,70,,279,400,,,0,30,,284,400,,,0,100,,285,400,,,0,100,,286,400,,,0,100,,287,400,,,0,100,,288,400,,,0,100,,289,400,,,0,100,,290,400,,,0,100,,291,400,,,0,70,,280,400,,,0,30,,292,400,,,0,70,,281,400,,,0,30,,293,400,,,0,100,,294,400,,,0,100,,276,400,,,0,100,,277,400,,,0
101019,'31',746,,295,400,,,0,100,,296,400,,,0,100,,297,400,,,0,100,,298,400,,,0,100,,299,400,,,0,100,,300,400,,,0,100,,301,400,,,0,100,,302,400,,,0,100,,303,400,,,0,100,,304,400,,,0,100,,305,400,,,0,100,,306,400,,,0,100,,307,400,,,0
102019,'30',633,,341,40,,,0,70,,354,40,,,0,30,,342,40,,,0,70,,355,40,,,0,15,,325,40,,,0,15,,343,40,,,0,70,,356,40,,,0,30,,344,40,,,0,70,,357,40,,,0,30,,345,40,,,0,70,,358,40,,,0,30,,346,40,,,0,70,,359,40,,,0,30,,347,40,,,0,70,,360,40,,,0,30,,348,40,,,0,70,,361,40,,,0,30,,349,40,,,0,70,,362,40,,,0,15,,326,40,,,0,15,,350,40,,,0,70,,363,40,,,0,30,,351,40,,,0,70,,364,40,,,0,30,,352,40,,,0,70,,365,40,,,0,30,,353,40,,,0,70,,366,40,,,0,30,,321,40,,,0,70,,339,40,,,0,30,,322,40,,,0,70,,340,40,,,0,30,,323,40,,,0
102019,'31',633,,367,40,,,0,70,,380,40,,,0,30,,368,40,,,0,70,,381,40,,,0,30,,369,40,,,0,70,,382,40,,,0,30,,370,40,,,0,70,,383,40,,,0,30,,371,40,,,0,70,,384,40,,,0,30,,372,40,,,0,70,,385,40,,,0,30,,373,40,,,0,70,,386,40,,,0,30,,374,40,,,0,70,,387,40,,,0,30,,375,40,,,0,70,,388,40,,,0,30,,376,40,,,0,70,,389,40,,,0,30,,377,40,,,0,70,,390,40,,,0,30,,378,40,,,0,70,,391,40,,,0,30,,379,40,,,0,70,,392,40,,,0
201019,'30',727,,408,560,,,0,100,,409,560,,,0,100,,410,560,,,0,100,,411,560,,,0,100,,412,560,,,0,100,,413,560,,,0,100,,414,560,,,0,100,,415,560,,,0,100,,416,560,,,0,100,,417,560,,,0,100,,418,560,,,0,100,,419,560,,,0,100,,420,560,,,0,100,,406,560,,,0,100,,407,560,,,0
201019,'31',727,,421,560,,,0,100,,422,560,,,0,100,,423,560,,,0,100,,424,560,,,0,100,,425,560,,,0,100,,426,560,,,0,100,,427,560,,,0,100,,428,560,,,0,100,,429,560,,,0,100,,430,560,,,0,100,,431,560,,,0,100,,432,560,,,0,100,,433,560,,,0
202019,'30',720,,449,370,,,0,100,,450,370,,,0,100,,451,370,,,0,100,,452,370,,,0,100,,453,370,,,0,100,,454,370,,,0,100,,455,370,,,0,100,,456,370,,,0,100,,457,370,,,0,100,,458,370,,,0,100,,459,370,,,0,100,,460,370,,,0,100,,461,370,,,0,100,,447,370,,,0,100,,448,370,,,0
202019,'31',720,,462,370,,,0,100,,463,370,,,0,100,,464,370,,,0,100,,465,370,,,0,100,,466,370,,,0,100,,467,370,,,0,100,,468,370,,,0,100,,469,370,,,0,100,,470,370,,,0,100,,471,370,,,0,100,,472,370,,,0,100,,473,370,,,0,100,,474,370,,,0
302019,'30',748,,531,500,,,0,100,,532,500,,,0,100,,533,500,,,0,100,,534,500,,,0,100,,535,500,,,0,100,,536,500,,,0,100,,537,500,,,0,100,,538,500,,,0,100,,539,500,,,0,100,,540,500,,,0,100,,541,500,,,0,100,,542,500,,,0,100,,543,500,,,0,100,,529,500,,,0,100,,530,500,,,0
302019,'31',748,,544,500,,,0,100,,545,500,,,0,100,,546,500,,,0,100,,547,500,,,0,100,,548,500,,,0,100,,549,500,,,0,100,,550,500,,,0,100,,551,500,,,0,100,,552,500,,,0,100,,553,500,,,0,100,,554,500,,,0,100,,555,500,,,0,100,,556,500,,,0
