101019,'30',700,,282,20,,,0,30,,278,20,,,0,70,,283,20,,,0,30,,279,20,,,0,70,,284,20,,,0,100,,285,20,,,0,100,,286,20,,,0,100,,287,20,,,0,100,,288,20,,,0,100,,289,20,,,0,100,,290,20,,,0,100,,291,20,,,0,30,,280,20,,,0,70,,292,20,,,0,30,,281,20,,,0,70,,293,20,,,0,100,,294,20,,,0,100,,276,20,,,0,100,,277,20,,,0
101019,'31',700,,295,20,,,0,100,,296,20,,,0,100,,297,20,,,0,100,,298,20,,,0,100,,299,20,,,0,100,,300,20,,,0,100,,301,20,,,0,100,,302,20,,,0,100,,303,20,,,0,100,,304,20,,,0,100,,305,20,,,0,100,,306,20,,,0,100,,307,20,,,0
201019,'30',640,,408,20,,,0,100,,409,20,,,0,100,,410,20,,,0,100,,411,20,,,0,100,,412,20,,,0,100,,413,20,,,0,100,,414,20,,,0,100,,415,20,,,0,100,,416,20,,,0,100,,417,20,,,0,100,,418,20,,,0,100,,419,20,,,0,100,,420,20,,,0,100,,406,20,,,0,100,,407,20,,,0
201019,'31',640,,421,20,,,0,100,,422,20,,,0,100,,423,20,,,0,100,,424,20,,,0,100,,425,20,,,0,100,,426,20,,,0,100,,427,20,,,0,100,,428,20,,,0,100,,429,20,,,0,100,,430,20,,,0,100,,431,20,,,0,100,,432,20,,,0,100,,433,20,,,0
202019,'30',725,,449,410,,,0,100,,450,410,,,0,100,,451,410,,,0,100,,452,410,,,0,100,,453,410,,,0,100,,454,410,,,0,100,,455,410,,,0,100,,456,410,,,0,100,,457,410,,,0,100,,458,410,,,0,100,,459,410,,,0,100,,460,410,,,0,100,,461,410,,,0,100,,447,410,,,0,100,,448,410,,,0
202019,'31',725,,462,410,,,0,100,,463,410,,,0,100,,464,410,,,0,100,,465,410,,,0,100,,466,410,,,0,100,,467,410,,,0,100,,468,410,,,0,100,,469,410,,,0,100,,470,410,,,0,100,,471,410,,,0,100,,472,410,,,0,100,,473,410,,,0,100,,474,410,,,0
301019,'30',730,,490,410,,,0,100,,491,410,,,0,100,,492,410,,,0,100,,493,410,,,0,100,,494,410,,,0,100,,495,410,,,0,100,,496,410,,,0,100,,497,410,,,0,100,,498,410,,,0,100,,499,410,,,0,100,,500,410,,,0,100,,501,410,,,0,100,,502,410,,,0,100,,488,410,,,0,100,,489,410,,,0
301019,'31',730,,503,410,,,0,100,,504,410,,,0,100,,505,410,,,0,100,,506,410,,,0,100,,507,410,,,0,100,,508,410,,,0,100,,509,410,,,0,100,,510,410,,,0,100,,511,410,,,0,100,,512,410,,,0,100,,513,410,,,0,100,,514,410,,,0,100,,515,410,,,0
302019,'30',700,,531,20,,,0,100,,532,20,,,0,100,,533,20,,,0,100,,534,20,,,0,100,,535,20,,,0,100,,536,20,,,0,100,,537,20,,,0,100,,538,20,,,0,100,,539,20,,,0,100,,540,20,,,0,100,,541,20,,,0,100,,542,20,,,0,100,,543,20,,,0,100,,529,20,,,0,100,,530,20,,,0
302019,'31',700,,544,20,,,0,100,,545,20,,,0,100,,546,20,,,0,100,,547,20,,,0,100,,548,20,,,0,100,,549,20,,,0,100,,550,20,,,0,100,,551,20,,,0,100,,552,20,,,0,100,,553,20,,,0,100,,554,20,,,0,100,,555,20,,,0,100,,556,20,,,0
401019,'30',645,,576,20,,,0,70,,572,20,,,0,30,,577,20,,,0,70,,573,20,,,0,30,,578,20,,,0,100,,579,20,,,0,100,,580,20,,,0,100,,581,20,,,0,100,,582,20,,,0,100,,583,20,,,0,100,,584,20,,,0,100,,585,20,,,0,70,,574,20,,,0,30,,586,20,,,0,70,,575,20,,,0,30,,587,20,,,0,100,,588,20,,,0,100,,570,20,,,0,100,,571,20,,,0
401019,'31',645,,589,20,,,0,100,,590,20,,,0,100,,591,20,,,0,100,,592,20,,,0,100,,593,20,,,0,100,,594,20,,,0,100,,595,20,,,0,100,,596,20,,,0,100,,597,20,,,0,100,,598,20,,,0,100,,599,20,,,0,100,,600,20,,,0,100,,601,20,,,0
