'22',3200,65000,80500,2337
'22',3200,80500,90500,2337
'22',3200,90500,100500,2337
'22',3200,100500,110500,2337
'22',3200,110500,120500,2337
'22',3200,120500,130500,2337
'22',3200,130500,140500,2337
'22',3200,140500,150500,2337
'22',3200,150500,160500,2337
'22',3200,160500,170500,2337
'22',3200,170500,180500,2337
'22',3200,180500,190500,2337
'22',3200,190500,200500,2337
'22',3200,200500,210500,2337
'22',3200,210500,221500,2337
'23',3200,65000,80500,2337
'23',3200,80500,90500,2337
'23',3200,90500,100500,2337
'23',3200,100500,110500,2337
'23',3200,110500,120500,2337
'23',3200,120500,130500,2337
'23',3200,130500,140500,2337
'23',3200,140500,150500,2337
'23',3200,150500,160500,2337
'23',3200,160500,170500,2337
'23',3200,170500,180500,2337
'23',3200,180500,190500,2337
'23',3200,190500,200500,2337
'23',3200,200500,210500,2337
'23',3200,210500,221500,2337
