'30',102019,63000,65100,459
'30',102019,70000,72100,459
'30',102019,73000,75100,459
'30',102019,80000,82100,459
'30',102019,81500,83600,1379
'30',102019,83000,85100,459
'30',102019,90000,92100,459
'30',102019,93000,95100,459
'30',102019,100000,102100,459
'30',102019,103000,105100,459
'30',102019,110000,112100,459
'30',102019,113000,115100,459
'30',102019,120000,122100,459
'30',102019,123000,125100,459
'30',102019,130000,132100,459
'30',102019,133000,135100,459
'30',102019,140000,142100,459
'30',102019,143000,145100,459
'30',102019,150000,152100,459
'30',102019,151500,153600,1379
'30',102019,153000,155100,459
'30',102019,160000,162100,459
'30',102019,163000,165100,459
'30',102019,170000,172100,459
'30',102019,173000,175100,459
'30',102019,180000,182100,459
'30',102019,183000,185100,459
'30',102019,190000,192100,459
'30',102019,193000,195100,1379
'30',102019,200000,202100,1379
'30',102019,203000,205100,1379
'30',102019,210000,212100,1379
'30',102019,213000,215100,1379
'31',102019,63000,65100,459
'31',102019,70000,72100,459
'31',102019,73000,75100,459
'31',102019,80000,82100,459
'31',102019,83000,85100,459
'31',102019,90000,92100,459
'31',102019,93000,95100,459
'31',102019,100000,102100,459
'31',102019,103000,105100,459
'31',102019,110000,112100,459
'31',102019,113000,115100,459
'31',102019,120000,122100,459
'31',102019,123000,125100,459
'31',102019,130000,132100,459
'31',102019,133000,135100,459
'31',102019,140000,142100,459
'31',102019,143000,145100,459
'31',102019,150000,152100,459
'31',102019,153000,155100,459
'31',102019,160000,162100,459
'31',102019,163000,165100,459
'31',102019,170000,172100,459
'31',102019,173000,175100,459
'31',102019,180000,182100,459
'31',102019,183000,185100,459
'31',102019,190000,192100,459
