'22',3400,63000,74500,2296
'22',3400,74500,84500,2296
'22',3400,84500,94500,2296
'22',3400,94500,104500,2296
'22',3400,104500,114500,2296
'22',3400,114500,124500,2296
'22',3400,124500,134500,2296
'22',3400,134500,144500,2296
'22',3400,144500,154500,2296
'22',3400,154500,164500,2296
'22',3400,164500,174500,2296
'22',3400,174500,184500,2296
'22',3400,184500,194500,2296
'22',3400,194500,204500,2296
'22',3400,204500,215000,2296
'23',3400,63000,74500,2296
'23',3400,74500,84500,2296
'23',3400,84500,94500,2296
'23',3400,94500,104500,2296
'23',3400,104500,114500,2296
'23',3400,114500,124500,2296
'23',3400,124500,134500,2296
'23',3400,134500,144500,2296
'23',3400,144500,154500,2296
'23',3400,154500,164500,2296
'23',3400,164500,174500,2296
'23',3400,174500,184500,2296
'23',3400,184500,194500,2296
'23',3400,194500,204500,2296
'23',3400,204500,215000,2296
