101019,'30',702,,282,50,,,0,30,,278,50,,,0,70,,283,50,,,0,30,,279,50,,,0,70,,284,50,,,0,100,,285,50,,,0,100,,286,50,,,0,100,,287,50,,,0,100,,288,50,,,0,100,,289,50,,,0,100,,290,50,,,0,100,,291,50,,,0,30,,280,50,,,0,70,,292,50,,,0,30,,281,50,,,0,70,,293,50,,,0,100,,294,50,,,0,100,,276,50,,,0,100,,277,50,,,0
101019,'31',702,,295,50,,,0,100,,296,50,,,0,100,,297,50,,,0,100,,298,50,,,0,100,,299,50,,,0,100,,300,50,,,0,100,,301,50,,,0,100,,302,50,,,0,100,,303,50,,,0,100,,304,50,,,0,100,,305,50,,,0,100,,306,50,,,0,100,,307,50,,,0
201019,'30',642,,408,50,,,0,100,,409,50,,,0,100,,410,50,,,0,100,,411,50,,,0,100,,412,50,,,0,100,,413,50,,,0,100,,414,50,,,0,100,,415,50,,,0,100,,416,50,,,0,100,,417,50,,,0,100,,418,50,,,0,100,,419,50,,,0,100,,420,50,,,0,100,,406,50,,,0,100,,407,50,,,0
201019,'31',642,,421,50,,,0,100,,422,50,,,0,100,,423,50,,,0,100,,424,50,,,0,100,,425,50,,,0,100,,426,50,,,0,100,,427,50,,,0,100,,428,50,,,0,100,,429,50,,,0,100,,430,50,,,0,100,,431,50,,,0,100,,432,50,,,0,100,,433,50,,,0
202019,'30',727,,449,440,,,0,100,,450,440,,,0,100,,451,440,,,0,100,,452,440,,,0,100,,453,440,,,0,100,,454,440,,,0,100,,455,440,,,0,100,,456,440,,,0,100,,457,440,,,0,100,,458,440,,,0,100,,459,440,,,0,100,,460,440,,,0,100,,461,440,,,0,100,,447,440,,,0,100,,448,440,,,0
202019,'31',727,,462,440,,,0,100,,463,440,,,0,100,,464,440,,,0,100,,465,440,,,0,100,,466,440,,,0,100,,467,440,,,0,100,,468,440,,,0,100,,469,440,,,0,100,,470,440,,,0,100,,471,440,,,0,100,,472,440,,,0,100,,473,440,,,0,100,,474,440,,,0
301019,'30',732,,490,440,,,0,100,,491,440,,,0,100,,492,440,,,0,100,,493,440,,,0,100,,494,440,,,0,100,,495,440,,,0,100,,496,440,,,0,100,,497,440,,,0,100,,498,440,,,0,100,,499,440,,,0,100,,500,440,,,0,100,,501,440,,,0,100,,502,440,,,0,100,,488,440,,,0,100,,489,440,,,0
301019,'31',732,,503,440,,,0,100,,504,440,,,0,100,,505,440,,,0,100,,506,440,,,0,100,,507,440,,,0,100,,508,440,,,0,100,,509,440,,,0,100,,510,440,,,0,100,,511,440,,,0,100,,512,440,,,0,100,,513,440,,,0,100,,514,440,,,0,100,,515,440,,,0
401019,'30',647,,576,50,,,0,70,,572,50,,,0,30,,577,50,,,0,70,,573,50,,,0,30,,578,50,,,0,100,,579,50,,,0,100,,580,50,,,0,100,,581,50,,,0,100,,582,50,,,0,100,,583,50,,,0,100,,584,50,,,0,100,,585,50,,,0,70,,574,50,,,0,30,,586,50,,,0,70,,575,50,,,0,30,,587,50,,,0,100,,588,50,,,0,100,,570,50,,,0,100,,571,50,,,0
401019,'31',647,,589,50,,,0,100,,590,50,,,0,100,,591,50,,,0,100,,592,50,,,0,100,,593,50,,,0,100,,594,50,,,0,100,,595,50,,,0,100,,596,50,,,0,100,,597,50,,,0,100,,598,50,,,0,100,,599,50,,,0,100,,600,50,,,0,100,,601,50,,,0
