'22',3100,63000,74500,2623
'22',3100,74500,84500,2623
'22',3100,84500,94500,2623
'22',3100,94500,104500,2623
'22',3100,104500,114500,2623
'22',3100,114500,124500,2623
'22',3100,124500,134500,2623
'22',3100,134500,144500,2623
'22',3100,144500,154500,2623
'22',3100,154500,164500,2623
'22',3100,164500,174500,2623
'22',3100,174500,184500,2623
'22',3100,184500,194500,2623
'22',3100,194500,204500,2623
'22',3100,204500,215500,2623
'23',3100,63000,74500,2623
'23',3100,74500,84500,2623
'23',3100,84500,94500,2623
'23',3100,94500,104500,2623
'23',3100,104500,114500,2623
'23',3100,114500,124500,2623
'23',3100,124500,134500,2623
'23',3100,134500,144500,2623
'23',3100,144500,154500,2623
'23',3100,154500,164500,2623
'23',3100,164500,174500,2623
'23',3100,174500,184500,2623
'23',3100,184500,194500,2623
'23',3100,194500,204500,2623
'23',3100,204500,215500,2623
