101019,356,1,0,0
101019,191,2,0,0
101019,192,3,0,0
101019,193,4,0,0
101019,194,5,0,0
101019,195,6,0,0
101019,357,7,0,0
101019,196,8,0,0
101019,197,9,0,0
101019,198,10,0,0
101019,374,11,0,0
101019,318,12,0,0
101019,319,13,0,0
101019,337,14,0,0
101019,381,15,0,0
101019,351,16,0,0
101019,373,17,0,0
101019,271,18,0,0
101019,272,19,0,0
101019,273,20,0,0
101019,274,21,0,0
101019,275,22,0,0
101019,276,23,0,0
101019,277,24,0,0
101019,278,25,0,0
101019,279,26,0,0
101019,239,27,0,0
101019,267,28,0,0
101019,268,29,0,0
101019,269,30,0,0
101019,270,31,0,0
101019,261,32,0,0
101019,262,33,0,0
101019,297,34,0,0
101019,298,35,0,0
101019,299,36,0,0
101019,300,37,0,0
101019,301,38,0,0
101019,302,39,0,0
101019,303,40,0,0
101019,188,41,0,0
101019,360,42,0,0
102019,358,1,0,0
102019,173,2,0,0
102019,174,3,0,0
102019,303,4,0,0
102019,175,5,0,0
102019,176,6,0,0
102019,177,7,0,0
102019,370,8,0,0
102019,179,9,0,0
102019,180,10,0,0
102019,181,11,0,0
102019,232,12,0,0
102019,233,13,0,0
102019,234,14,0,0
102019,235,15,0,0
102019,236,16,0,0
102019,383,17,0,0
102019,185,18,0,0
102019,186,19,0,0
102019,384,20,0,0
102019,188,21,0,0
102019,360,22,0,0
102019,356,23,0,0
201019,356,1,0,0
201019,191,2,0,0
201019,192,3,0,0
201019,193,4,0,0
201019,194,5,0,0
201019,195,6,0,0
201019,357,7,0,0
201019,196,8,0,0
201019,197,9,0,0
201019,198,10,0,0
201019,199,11,0,0
201019,200,12,0,0
201019,201,13,0,0
201019,282,14,0,0
201019,283,15,0,0
201019,284,16,0,0
201019,285,17,0,0
201019,286,18,0,0
201019,287,19,0,0
201019,288,20,0,0
201019,202,21,0,0
201019,203,22,0,0
201019,204,23,0,0
201019,205,24,0,0
201019,206,25,0,0
201019,207,26,0,0
201019,208,27,0,0
201019,209,28,0,0
201019,210,29,0,0
201019,211,30,0,0
201019,212,31,0,0
201019,213,32,0,0
201019,291,33,0,0
201019,292,34,0,0
201019,293,35,0,0
201019,294,36,0,0
201019,295,37,0,0
201019,296,38,0,0
201019,215,39,0,0
201019,216,40,0,0
201019,217,41,0,0
201019,218,42,0,0
201019,219,43,0,0
201019,220,44,0,0
201019,221,45,0,0
201019,223,46,0,0
201019,222,47,0,0
201019,224,48,0,0
201019,225,49,0,0
201019,226,50,0,0
201019,227,51,0,0
201019,228,52,0,0
201019,358,53,0,0
201019,173,54,0,0
201019,174,55,0,0
201019,303,56,0,0
201019,188,57,0,0
201019,360,58,0,0
202019,262,1,0,0
202019,264,2,0,0
202019,362,3,0,0
202019,215,4,0,0
202019,216,5,0,0
202019,217,6,0,0
202019,218,7,0,0
202019,219,8,0,0
202019,200,9,0,0
202019,201,10,0,0
202019,334,11,0,0
202019,202,12,0,0
202019,203,13,0,0
202019,204,14,0,0
202019,205,15,0,0
202019,206,16,0,0
202019,207,17,0,0
202019,208,18,0,0
202019,209,19,0,0
202019,210,20,0,0
202019,211,21,0,0
202019,212,22,0,0
202019,213,23,0,0
202019,266,24,0,0
202019,385,25,0,0
202019,297,26,0,0
202019,298,27,0,0
202019,299,28,0,0
202019,300,29,0,0
202019,301,30,0,0
202019,302,31,0,0
202019,303,32,0,0
202019,188,33,0,0
202019,360,34,0,0
202019,356,35,0,0
202019,191,36,0,0
202019,192,37,0,0
202019,193,38,0,0
202019,194,39,0,0
202019,195,40,0,0
202019,357,41,0,0
202019,237,42,0,0
301019,239,1,0,0
301019,267,2,0,0
301019,268,3,0,0
301019,269,4,0,0
301019,270,5,0,0
301019,240,6,0,0
301019,242,7,0,0
301019,243,8,0,0
301019,244,9,0,0
301019,245,10,0,0
301019,246,11,0,0
301019,247,12,0,0
301019,248,13,0,0
301019,249,14,0,0
301019,250,15,0,0
301019,251,16,0,0
301019,252,17,0,0
301019,253,18,0,0
301019,254,19,0,0
301019,255,20,0,0
301019,256,21,0,0
301019,258,22,0,0
301019,259,23,0,0
301019,260,24,0,0
301019,261,25,0,0
301019,262,26,0,0
301019,339,27,0,0
301019,225,28,0,0
301019,226,29,0,0
301019,227,30,0,0
301019,228,31,0,0
301019,358,32,0,0
301019,173,33,0,0
301019,174,34,0,0
301019,185,35,0,0
301019,186,36,0,0
301019,384,37,0,0
301019,188,38,0,0
301019,360,39,0,0
301019,356,40,0,0
301019,191,41,0,0
301019,192,42,0,0
301019,193,43,0,0
301019,194,44,0,0
301019,195,45,0,0
301019,357,46,0,0
301019,237,47,1,1
302019,356,1,0,0
302019,191,2,0,0
302019,192,3,0,0
302019,193,4,0,0
302019,297,5,0,0
302019,298,6,0,0
302019,299,7,0,0
302019,300,8,0,0
302019,301,9,0,0
302019,302,10,0,0
302019,305,11,0,0
302019,306,12,0,0
302019,378,13,0,0
302019,308,14,0,0
302019,258,15,0,0
302019,259,16,0,0
302019,260,17,0,0
302019,240,18,0,0
302019,380,19,0,0
302019,243,20,0,0
302019,244,21,0,0
302019,245,22,0,0
302019,246,23,0,0
302019,247,24,0,0
302019,248,25,0,0
302019,249,26,0,0
302019,250,27,0,0
302019,251,28,0,0
302019,252,29,0,0
302019,253,30,0,0
302019,254,31,0,0
302019,255,32,0,0
302019,256,33,0,0
302019,311,34,0,0
302019,379,35,0,0
302019,313,36,0,0
302019,314,37,0,0
302019,303,38,0,0
302019,188,39,0,0
302019,360,40,1,1
401019,356,1,0,0
401019,191,2,0,0
401019,192,3,0,0
401019,193,4,0,0
401019,194,5,0,0
401019,195,6,0,0
401019,357,7,0,0
401019,196,8,0,0
401019,197,9,0,0
401019,198,10,0,0
401019,321,11,0,0
401019,322,12,0,0
401019,364,13,0,0
401019,365,14,0,0
401019,327,15,0,0
401019,328,16,0,0
401019,329,17,0,0
401019,330,18,0,0
401019,331,19,0,0
401019,332,20,0,0
401019,333,21,0,0
401019,367,22,0,0
401019,366,23,0,0
401019,219,24,0,0
401019,323,25,0,0
401019,324,26,0,0
401019,355,27,0,0
401019,220,28,0,0
401019,221,29,0,0
401019,222,30,0,0
401019,223,31,0,0
401019,224,32,0,0
401019,225,33,0,0
401019,226,34,0,0
401019,227,35,0,0
401019,228,36,0,0
401019,358,37,0,0
401019,173,38,0,0
401019,174,39,0,0
401019,185,40,0,0
401019,186,41,0,0
401019,359,42,0,0
401019,188,43,0,0
401019,360,44,1,1
402019,408,1,0,0
402019,241,2,0,0
402019,240,3,0,0
402019,242,4,0,0
402019,243,5,0,0
402019,244,6,0,0
402019,245,7,0,0
402019,246,8,0,0
402019,247,9,0,0
402019,248,10,0,0
402019,249,11,0,0
402019,250,12,0,0
402019,251,13,0,0
402019,252,14,0,0
402019,253,15,0,0
402019,254,16,0,0
402019,255,17,0,0
402019,256,18,0,0
402019,258,19,0,0
402019,259,20,0,0
402019,260,21,0,0
402019,261,22,0,0
402019,262,23,0,0
402019,315,24,0,0
402019,316,25,0,0
402019,317,26,0,0
402019,318,27,0,0
402019,319,28,0,0
402019,320,29,0,0
402019,199,30,0,0
402019,50,31,0,0
402019,218,32,0,0
402019,217,33,0,0
402019,327,34,0,0
402019,328,35,0,0
402019,329,36,0,0
402019,330,37,0,0
402019,331,38,0,0
402019,332,39,0,0
402019,333,40,0,0
402019,374,41,0,0
402019,337,42,0,0
402019,381,43,1,1
