'30',201019,64000,72900,1140
'30',201019,74000,82900,1140
'30',201019,84000,92900,1140
'30',201019,94000,102900,1140
'30',201019,104000,112900,1140
'30',201019,114000,122900,1140
'30',201019,124000,132900,1140
'30',201019,134000,142900,1140
'30',201019,144000,152900,1140
'30',201019,154000,162900,1140
'30',201019,164000,172900,1140
'30',201019,174000,182900,1140
'30',201019,184000,192900,1140
'30',201019,194000,202900,3421
'30',201019,204000,212900,3421
'31',201019,64000,72900,1140
'31',201019,74000,82900,1140
'31',201019,84000,92900,1140
'31',201019,94000,102900,1140
'31',201019,104000,112900,1140
'31',201019,114000,122900,1140
'31',201019,124000,132900,1140
'31',201019,134000,142900,1140
'31',201019,144000,152900,1140
'31',201019,154000,162900,1140
'31',201019,164000,172900,1140
'31',201019,174000,182900,1140
'31',201019,184000,192900,1140
