200,'22',747,,1,33,,,0,100,,2,33,,,0,100,,3,33,,,0,100,,4,33,,,0,100,,5,33,,,0,100,,6,33,,,0,100,,7,33,,,0,100,,8,33,,,0,100,,9,33,,,0,100,,10,33,,,0,100,,11,33,,,0,100,,12,33,,,0,100,,13,33,,,0,100,,14,33,,,0,100,,15,33,,,0
200,'23',747,,16,33,,,0,100,,17,33,,,0,100,,18,33,,,0,100,,19,33,,,0,100,,20,33,,,0,100,,21,33,,,0,100,,22,33,,,0,100,,23,33,,,0,100,,24,33,,,0,100,,25,33,,,0,100,,26,33,,,0,100,,27,33,,,0,100,,28,33,,,0
300,'22',808,,29,46,,,0,100,,30,46,,,0,100,,31,46,,,0,100,,32,46,,,0,100,,33,46,,,0,100,,34,46,,,0,100,,35,46,,,0,100,,36,46,,,0,100,,37,46,,,0,100,,38,46,,,0,100,,39,46,,,0,100,,40,46,,,0,100,,41,46,,,0,100,,42,46,,,0,102,,43,46,,,0
300,'23',808,,44,46,,,0,100,,45,46,,,0,100,,46,46,,,0,100,,47,46,,,0,100,,48,46,,,0,100,,49,46,,,0,100,,50,46,,,0,100,,51,46,,,0,100,,52,46,,,0,100,,53,46,,,0,100,,54,46,,,0,100,,55,46,,,0,100,,56,46,,,0,100,,57,46,,,0,102,,58,46,,,0
500,'22',702,,59,25,,,0,100,,60,25,,,0,100,,61,25,,,0,100,,62,25,,,0,100,,63,25,,,0,100,,64,25,,,0,100,,65,25,,,0,100,,66,25,,,0,100,,67,25,,,0,100,,68,25,,,0,100,,69,25,,,0,100,,70,25,,,0,100,,71,25,,,0,100,,72,25,,,0,100,,73,25,,,0
500,'23',702,,74,25,,,0,100,,75,25,,,0,100,,76,25,,,0,100,,77,25,,,0,100,,78,25,,,0,100,,79,25,,,0,100,,80,25,,,0,100,,81,25,,,0,100,,82,25,,,0,100,,83,25,,,0,100,,84,25,,,0,100,,85,25,,,0,100,,86,25,,,0,100,,87,25,,,0,100,,88,25,,,0
20100,'22',728,,89,49,,,0,100,,90,49,,,0,100,,91,49,,,0,100,,92,49,,,0,100,,93,49,,,0,100,,94,49,,,0,100,,95,49,,,0,100,,96,49,,,0,100,,97,49,,,0,100,,98,49,,,0,100,,99,49,,,0,100,,100,49,,,0,100,,101,49,,,0,100,,102,49,,,0,100,,103,49,,,0
20100,'23',728,,104,49,,,0,100,,105,49,,,0,100,,106,49,,,0,100,,107,49,,,0,100,,108,49,,,0,100,,109,49,,,0,100,,110,49,,,0,100,,111,49,,,0,100,,112,49,,,0,100,,113,49,,,0,100,,114,49,,,0,100,,115,49,,,0,100,,116,49,,,0,100,,117,49,,,0,100,,118,49,,,0
20200,'22',745,,119,28,,,0,100,,120,28,,,0,100,,121,28,,,0,100,,122,28,,,0,100,,123,28,,,0,100,,124,28,,,0,100,,125,28,,,0,100,,126,28,,,0,100,,127,28,,,0,100,,128,28,,,0,100,,129,28,,,0,100,,130,28,,,0,100,,131,28,,,0,100,,132,28,,,0,100,,133,28,,,0
20200,'23',745,,134,28,,,0,100,,135,28,,,0,100,,136,28,,,0,100,,137,28,,,0,100,,138,28,,,0,100,,139,28,,,0,100,,140,28,,,0,100,,141,28,,,0,100,,142,28,,,0,100,,143,28,,,0,100,,144,28,,,0,100,,145,28,,,0,100,,146,28,,,0,100,,147,28,,,0,100,,148,28,,,0
40100,'22',727,,149,32,,,0,100,,150,32,,,0,100,,151,32,,,0,100,,152,32,,,0,100,,153,32,,,0,100,,154,32,,,0,100,,155,32,,,0,100,,156,32,,,0,100,,157,32,,,0,100,,158,32,,,0,100,,159,32,,,0,100,,160,32,,,0,100,,161,32,,,0,100,,162,32,,,0,100,,163,32,,,0
40100,'23',727,,164,32,,,0,100,,165,32,,,0,100,,166,32,,,0,100,,167,32,,,0,100,,168,32,,,0,100,,169,32,,,0,100,,170,32,,,0,100,,171,32,,,0,100,,172,32,,,0,100,,173,32,,,0,100,,174,32,,,0,100,,175,32,,,0,100,,176,32,,,0
