'22',4100,64500,72000,933
'22',4100,72000,75000,913
'22',4100,75000,82000,913
'22',4100,82000,85000,913
'22',4100,85000,92000,913
'22',4100,92000,95000,913
'22',4100,95000,102000,913
'22',4100,102000,105000,913
'22',4100,105000,112000,913
'22',4100,112000,115000,913
'22',4100,115000,122000,913
'22',4100,122000,125000,913
'22',4100,125000,132000,913
'22',4100,132000,135000,913
'22',4100,135000,142000,913
'22',4100,142000,145000,913
'22',4100,145000,152000,913
'22',4100,152000,155000,913
'22',4100,155000,162000,913
'22',4100,162000,165000,913
'22',4100,165000,172000,913
'22',4100,172000,175000,913
'22',4100,175000,182000,913
'22',4100,182000,185000,913
'22',4100,185000,192000,913
'22',4100,192000,195000,913
'22',4100,195000,202000,913
'22',4100,202000,205000,913
'22',4100,205000,212000,913
'22',4100,212000,215000,913
'23',4100,64500,72000,933
'23',4100,72000,75000,913
'23',4100,75000,82000,913
'23',4100,82000,85000,913
'23',4100,85000,92000,913
'23',4100,92000,95000,913
'23',4100,95000,102000,913
'23',4100,102000,105000,913
'23',4100,105000,112000,913
'23',4100,112000,115000,913
'23',4100,115000,122000,913
'23',4100,122000,125000,913
'23',4100,125000,132000,913
'23',4100,132000,135000,913
'23',4100,135000,142000,913
'23',4100,142000,145000,913
'23',4100,145000,152000,913
'23',4100,152000,155000,913
'23',4100,155000,162000,913
'23',4100,162000,165000,913
'23',4100,165000,172000,913
'23',4100,172000,175000,913
'23',4100,175000,182000,913
'23',4100,182000,185000,913
'23',4100,185000,192000,913
'23',4100,192000,195000,913
