101019,'30',700,,282,1,,,0,30,,278,1,,,0,19,,282,1000,4,,0,51,,283,1,,,0,19,,278,1000,4,,0,11,,279,1,,,0,19,,283,1000,4,,0,51,,284,1,,,0,19,,279,1000,4,,0,30,,284,1000,4,,0,51,,285,1,,,0,49,,285,1000,4,,0,51,,286,1,,,0,49,,286,1000,4,,0,51,,287,1,,,0,49,,287,1000,4,,0,51,,288,1,,,0,49,,288,1000,4,,0,51,,289,1,,,0,49,,289,1000,4,,0,51,,290,1,,,0,49,,290,1000,4,,0,51,,291,1,,,0,30,,280,1,,,0,19,,291,1000,4,,0,51,,292,1,,,0,19,,280,1000,4,,0,11,,281,1,,,0,19,,292,1000,4,,0,51,,293,1,,,0,19,,281,1000,4,,0,30,,293,1000,4,,0,51,,294,1,,,0,49,,294,1000,4,,0,51,,276,1,,,0,49,,276,1000,4,,0,51,,277,1,,,0,49,,277,1000,4,,0
101019,'31',700,,295,1,,,0,49,,295,1000,4,,0,51,,296,1,,,0,49,,296,1000,4,,0,51,,297,1,,,0,49,,297,1000,4,,0,51,,298,1,,,0,49,,298,1000,4,,0,51,,299,1,,,0,49,,299,1000,4,,0,51,,300,1,,,0,49,,300,1000,4,,0,51,,301,1,,,0,49,,301,1000,4,,0,51,,302,1,,,0,49,,302,1000,4,,0,51,,303,1,,,0,49,,303,1000,4,,0,51,,304,1,,,0,49,,304,1000,4,,0,51,,305,1,,,0,49,,305,1000,4,,0,51,,306,1,,,0,49,,306,1000,4,,0,51,,307,1,,,0,49,,307,1000,4,,0
102019,'30',651,,341,230,,,0,70,,354,230,,,0,30,,342,230,,,0,70,,355,230,,,0,15,,325,230,,,0,15,,343,230,,,0,70,,356,230,,,0,30,,344,230,,,0,70,,357,230,,,0,30,,345,230,,,0,70,,358,230,,,0,30,,346,230,,,0,70,,359,230,,,0,30,,347,230,,,0,70,,360,230,,,0,30,,348,230,,,0,70,,361,230,,,0,30,,349,230,,,0,70,,362,230,,,0,15,,326,230,,,0,15,,350,230,,,0,70,,363,230,,,0,30,,351,230,,,0,70,,364,230,,,0,30,,352,230,,,0,70,,365,230,,,0,30,,353,230,,,0,70,,366,230,,,0,30,,321,230,,,0,70,,339,230,,,0,30,,322,230,,,0,70,,340,230,,,0,30,,323,230,,,0
102019,'31',651,,367,230,,,0,70,,380,230,,,0,30,,368,230,,,0,70,,381,230,,,0,30,,369,230,,,0,70,,382,230,,,0,30,,370,230,,,0,70,,383,230,,,0,30,,371,230,,,0,70,,384,230,,,0,30,,372,230,,,0,70,,385,230,,,0,30,,373,230,,,0,70,,386,230,,,0,30,,374,230,,,0,70,,387,230,,,0,30,,375,230,,,0,70,,388,230,,,0,30,,376,230,,,0,70,,389,230,,,0,30,,377,230,,,0,70,,390,230,,,0,30,,378,230,,,0,70,,391,230,,,0,30,,379,230,,,0,70,,392,230,,,0
201019,'30',640,,408,1,,,0,89,,408,1000,4,,0,11,,409,1,,,0,89,,409,1000,4,,0,11,,410,1,,,0,89,,410,1000,4,,0,11,,411,1,,,0,89,,411,1000,4,,0,11,,412,1,,,0,89,,412,1000,4,,0,11,,413,1,,,0,89,,413,1000,4,,0,11,,414,1,,,0,89,,414,1000,4,,0,11,,415,1,,,0,89,,415,1000,4,,0,11,,416,1,,,0,89,,416,1000,4,,0,11,,417,1,,,0,89,,417,1000,4,,0,11,,418,1,,,0,89,,418,1000,4,,0,11,,419,1,,,0,89,,419,1000,4,,0,11,,420,1,,,0,89,,420,1000,4,,0,11,,406,1,,,0,89,,406,1000,4,,0,11,,407,1,,,0,89,,407,1000,4,,0
201019,'31',640,,421,1,,,0,89,,421,1000,4,,0,11,,422,1,,,0,89,,422,1000,4,,0,11,,423,1,,,0,89,,423,1000,4,,0,11,,424,1,,,0,89,,424,1000,4,,0,11,,425,1,,,0,89,,425,1000,4,,0,11,,426,1,,,0,89,,426,1000,4,,0,11,,427,1,,,0,89,,427,1000,4,,0,11,,428,1,,,0,89,,428,1000,4,,0,11,,429,1,,,0,89,,429,1000,4,,0,11,,430,1,,,0,89,,430,1000,4,,0,11,,431,1,,,0,89,,431,1000,4,,0,11,,432,1,,,0,89,,432,1000,4,,0,11,,433,1,,,0,89,,433,1000,4,,0
202019,'30',725,,449,400,,,0,100,,450,400,,,0,100,,451,400,,,0,100,,452,400,,,0,100,,453,400,,,0,100,,454,400,,,0,100,,455,400,,,0,100,,456,400,,,0,100,,457,400,,,0,100,,458,400,,,0,100,,459,400,,,0,100,,460,400,,,0,100,,461,400,,,0,100,,447,400,,,0,100,,448,400,,,0
202019,'31',725,,462,400,,,0,100,,463,400,,,0,100,,464,400,,,0,100,,465,400,,,0,100,,466,400,,,0,100,,467,400,,,0,100,,468,400,,,0,100,,469,400,,,0,100,,470,400,,,0,100,,471,400,,,0,100,,472,400,,,0,100,,473,400,,,0,100,,474,400,,,0
301019,'30',730,,490,400,,,0,100,,491,400,,,0,100,,492,400,,,0,100,,493,400,,,0,100,,494,400,,,0,100,,495,400,,,0,100,,496,400,,,0,100,,497,400,,,0,100,,498,400,,,0,100,,499,400,,,0,100,,500,400,,,0,100,,501,400,,,0,100,,502,400,,,0,100,,488,400,,,0,100,,489,400,,,0
301019,'31',730,,503,400,,,0,100,,504,400,,,0,100,,505,400,,,0,100,,506,400,,,0,100,,507,400,,,0,100,,508,400,,,0,100,,509,400,,,0,100,,510,400,,,0,100,,511,400,,,0,100,,512,400,,,0,100,,513,400,,,0,100,,514,400,,,0,100,,515,400,,,0
302019,'30',700,,531,1,,,0,100,,532,1,,,0,100,,533,1,,,0,100,,534,1,,,0,100,,535,1,,,0,100,,536,1,,,0,100,,537,1,,,0,100,,538,1,,,0,100,,539,1,,,0,100,,540,1,,,0,100,,541,1,,,0,100,,542,1,,,0,100,,543,1,,,0,100,,529,1,,,0,100,,530,1,,,0
302019,'31',700,,544,1,,,0,100,,545,1,,,0,100,,546,1,,,0,100,,547,1,,,0,100,,548,1,,,0,100,,549,1,,,0,100,,550,1,,,0,100,,551,1,,,0,100,,552,1,,,0,100,,553,1,,,0,100,,554,1,,,0,100,,555,1,,,0,100,,556,1,,,0
401019,'30',645,,576,1,,,0,70,,572,1,,,0,30,,577,1,,,0,70,,573,1,,,0,30,,578,1,,,0,100,,579,1,,,0,100,,580,1,,,0,100,,581,1,,,0,100,,582,1,,,0,100,,583,1,,,0,100,,584,1,,,0,100,,585,1,,,0,70,,574,1,,,0,30,,586,1,,,0,70,,575,1,,,0,30,,587,1,,,0,100,,588,1,,,0,100,,570,1,,,0,100,,571,1,,,0
401019,'31',645,,589,1,,,0,100,,590,1,,,0,100,,591,1,,,0,100,,592,1,,,0,100,,593,1,,,0,100,,594,1,,,0,100,,595,1,,,0,100,,596,1,,,0,100,,597,1,,,0,100,,598,1,,,0,100,,599,1,,,0,100,,600,1,,,0,100,,601,1,,,0
