101019,'30',749,,282,420,,,0,70,,278,420,,,0,30,,283,420,,,0,70,,279,420,,,0,30,,284,420,,,0,100,,285,420,,,0,100,,286,420,,,0,100,,287,420,,,0,100,,288,420,,,0,100,,289,420,,,0,100,,290,420,,,0,100,,291,420,,,0,70,,280,420,,,0,30,,292,420,,,0,70,,281,420,,,0,30,,293,420,,,0,100,,294,420,,,0,100,,276,420,,,0,100,,277,420,,,0
101019,'31',749,,295,420,,,0,100,,296,420,,,0,100,,297,420,,,0,100,,298,420,,,0,100,,299,420,,,0,100,,300,420,,,0,100,,301,420,,,0,100,,302,420,,,0,100,,303,420,,,0,100,,304,420,,,0,100,,305,420,,,0,100,,306,420,,,0,100,,307,420,,,0
102019,'30',649,,341,220,,,0,70,,354,220,,,0,30,,342,220,,,0,70,,355,220,,,0,15,,325,220,,,0,15,,343,220,,,0,70,,356,220,,,0,30,,344,220,,,0,70,,357,220,,,0,30,,345,220,,,0,70,,358,220,,,0,30,,346,220,,,0,70,,359,220,,,0,30,,347,220,,,0,70,,360,220,,,0,30,,348,220,,,0,70,,361,220,,,0,30,,349,220,,,0,70,,362,220,,,0,15,,326,220,,,0,15,,350,220,,,0,70,,363,220,,,0,30,,351,220,,,0,70,,364,220,,,0,30,,352,220,,,0,70,,365,220,,,0,30,,353,220,,,0,70,,366,220,,,0,30,,321,220,,,0,70,,339,220,,,0,30,,322,220,,,0,70,,340,220,,,0,30,,323,220,,,0
102019,'31',649,,367,220,,,0,70,,380,220,,,0,30,,368,220,,,0,70,,381,220,,,0,30,,369,220,,,0,70,,382,220,,,0,30,,370,220,,,0,70,,383,220,,,0,30,,371,220,,,0,70,,384,220,,,0,30,,372,220,,,0,70,,385,220,,,0,30,,373,220,,,0,70,,386,220,,,0,30,,374,220,,,0,70,,387,220,,,0,30,,375,220,,,0,70,,388,220,,,0,30,,376,220,,,0,70,,389,220,,,0,30,,377,220,,,0,70,,390,220,,,0,30,,378,220,,,0,70,,391,220,,,0,30,,379,220,,,0,70,,392,220,,,0
201019,'30',729,,408,600,,,0,100,,409,600,,,0,100,,410,600,,,0,100,,411,600,,,0,100,,412,600,,,0,100,,413,600,,,0,100,,414,600,,,0,100,,415,600,,,0,100,,416,600,,,0,100,,417,600,,,0,100,,418,600,,,0,100,,419,600,,,0,100,,420,600,,,0,100,,406,600,,,0,100,,407,600,,,0
201019,'31',729,,421,600,,,0,100,,422,600,,,0,100,,423,600,,,0,100,,424,600,,,0,100,,425,600,,,0,100,,426,600,,,0,100,,427,600,,,0,100,,428,600,,,0,100,,429,600,,,0,100,,430,600,,,0,100,,431,600,,,0,100,,432,600,,,0,100,,433,600,,,0
202019,'30',722,,449,390,,,0,100,,450,390,,,0,100,,451,390,,,0,100,,452,390,,,0,100,,453,390,,,0,100,,454,390,,,0,100,,455,390,,,0,100,,456,390,,,0,100,,457,390,,,0,100,,458,390,,,0,100,,459,390,,,0,100,,460,390,,,0,100,,461,390,,,0,100,,447,390,,,0,100,,448,390,,,0
202019,'31',722,,462,390,,,0,100,,463,390,,,0,100,,464,390,,,0,100,,465,390,,,0,100,,466,390,,,0,100,,467,390,,,0,100,,468,390,,,0,100,,469,390,,,0,100,,470,390,,,0,100,,471,390,,,0,100,,472,390,,,0,100,,473,390,,,0,100,,474,390,,,0
301019,'30',726,,490,390,,,0,100,,491,390,,,0,100,,492,390,,,0,100,,493,390,,,0,100,,494,390,,,0,100,,495,390,,,0,100,,496,390,,,0,100,,497,390,,,0,100,,498,390,,,0,100,,499,390,,,0,100,,500,390,,,0,100,,501,390,,,0,100,,502,390,,,0,100,,488,390,,,0,100,,489,390,,,0
301019,'31',726,,503,390,,,0,100,,504,390,,,0,100,,505,390,,,0,100,,506,390,,,0,100,,507,390,,,0,100,,508,390,,,0,100,,509,390,,,0,100,,510,390,,,0,100,,511,390,,,0,100,,512,390,,,0,100,,513,390,,,0,100,,514,390,,,0,100,,515,390,,,0
302019,'30',749,,531,520,4,,0,100,,532,520,4,,0,100,,533,520,4,,0,100,,534,520,4,,0,100,,535,520,4,,0,100,,536,520,4,,0,100,,537,520,4,,0,100,,538,520,4,,0,100,,539,520,4,,0,100,,540,520,4,,0,100,,541,520,4,,0,100,,542,520,4,,0,100,,543,520,4,,0,100,,529,520,4,,0,100,,530,520,4,,0
302019,'31',749,,544,520,4,,0,100,,545,520,4,,0,100,,546,520,4,,0,100,,547,520,4,,0,100,,548,520,4,,0,100,,549,520,4,,0,100,,550,520,4,,0,100,,551,520,4,,0,100,,552,520,4,,0,100,,553,520,4,,0,100,,554,520,4,,0,100,,555,520,4,,0,100,,556,520,4,,0
401019,'30',731,,576,550,4,,0,70,,572,550,4,,0,30,,577,550,4,,0,70,,573,550,4,,0,30,,578,550,4,,0,100,,579,550,4,,0,100,,580,550,4,,0,100,,581,550,4,,0,100,,582,550,4,,0,100,,583,550,4,,0,100,,584,550,4,,0,100,,585,550,4,,0,70,,574,550,4,,0,30,,586,550,4,,0,70,,575,550,4,,0,30,,587,550,4,,0,100,,588,550,4,,0,100,,570,550,4,,0,100,,571,550,4,,0
401019,'31',731,,589,550,4,,0,100,,590,550,4,,0,100,,591,550,4,,0,100,,592,550,4,,0,100,,593,550,4,,0,100,,594,550,4,,0,100,,595,550,4,,0,100,,596,550,4,,0,100,,597,550,4,,0,100,,598,550,4,,0,100,,599,550,4,,0,100,,600,550,4,,0,100,,601,550,4,,0
