200,'22',800,,1,41,,,0,100,,2,41,,,0,100,,3,41,,,0,100,,4,41,,,0,100,,5,41,,,0,100,,6,41,,,0,100,,7,41,,,0,100,,8,41,,,0,100,,9,41,,,0,100,,10,41,,,0,100,,11,41,,,0,100,,12,41,,,0,100,,13,41,,,0,100,,14,41,,,0,102,,15,41,,,0
200,'23',800,,16,41,,,0,100,,17,41,,,0,100,,18,41,,,0,100,,19,41,,,0,100,,20,41,,,0,100,,21,41,,,0,100,,22,41,,,0,100,,23,41,,,0,100,,24,41,,,0,100,,25,41,,,0,100,,26,41,,,0,100,,27,41,,,0,100,,28,41,,,0
300,'22',729,,29,13,,,0,100,,30,13,,,0,100,,31,13,,,0,100,,32,13,,,0,100,,33,13,,,0,100,,34,13,,,0,100,,35,13,,,0,100,,36,13,,,0,100,,37,13,,,0,100,,38,13,,,0,100,,39,13,,,0,100,,40,13,,,0,100,,41,13,,,0,100,,42,13,,,0,100,,43,13,,,0
300,'23',729,,44,13,,,0,100,,45,13,,,0,100,,46,13,,,0,100,,47,13,,,0,100,,48,13,,,0,100,,49,13,,,0,100,,50,13,,,0,100,,51,13,,,0,100,,52,13,,,0,100,,53,13,,,0,100,,54,13,,,0,100,,55,13,,,0,100,,56,13,,,0,100,,57,13,,,0,100,,58,13,,,0
20100,'22',741,,89,57,,,0,100,,90,57,,,0,100,,91,57,,,0,100,,92,57,,,0,100,,93,57,,,0,100,,94,57,,,0,100,,95,57,,,0,100,,96,57,,,0,100,,97,57,,,0,100,,98,57,,,0,100,,99,57,,,0,100,,100,57,,,0,100,,101,57,,,0,100,,102,57,,,0,105,,103,57,,,0
20100,'23',741,,104,57,,,0,100,,105,57,,,0,100,,106,57,,,0,100,,107,57,,,0,100,,108,57,,,0,100,,109,57,,,0,100,,110,57,,,0,100,,111,57,,,0,100,,112,57,,,0,100,,113,57,,,0,100,,114,57,,,0,100,,115,57,,,0,100,,116,57,,,0,100,,117,57,,,0,105,,118,57,,,0
40100,'22',743,,149,40,,,0,100,,150,40,,,0,100,,151,40,,,0,100,,152,40,,,0,100,,153,40,,,0,100,,154,40,,,0,100,,155,40,,,0,100,,156,40,,,0,100,,157,40,,,0,100,,158,40,,,0,100,,159,40,,,0,100,,160,40,,,0,100,,161,40,,,0,100,,162,40,,,0,100,,163,40,,,0
40100,'23',743,,164,40,,,0,100,,165,40,,,0,100,,166,40,,,0,100,,167,40,,,0,100,,168,40,,,0,100,,169,40,,,0,100,,170,40,,,0,100,,171,40,,,0,100,,172,40,,,0,100,,173,40,,,0,100,,174,40,,,0,100,,175,40,,,0,100,,176,40,,,0
10100000,'22',718,,207,19,,,0,30,,208,19,,,0,70,,209,19,,,0,30,,210,19,,,0,70,,211,19,,,0,30,,212,19,,,0,70,,213,19,,,0,30,,214,19,,,0,70,,215,19,,,0,30,,216,19,,,0,70,,217,19,,,0,30,,218,19,,,0,70,,219,19,,,0,30,,220,19,,,0,70,,221,19,,,0,30,,222,19,,,0,70,,223,19,,,0,30,,224,19,,,0,70,,225,19,,,0,30,,226,19,,,0,70,,227,19,,,0,30,,228,19,,,0,70,,229,19,,,0,30,,230,19,,,0,70,,231,19,,,0,30,,232,19,,,0,70,,233,19,,,0,30,,234,19,,,0,70,,235,19,,,0,30,,236,19,,,0
10100000,'23',718,,237,19,,,0,30,,238,19,,,0,70,,239,19,,,0,30,,240,19,,,0,70,,241,19,,,0,30,,242,19,,,0,70,,243,19,,,0,30,,244,19,,,0,70,,245,19,,,0,30,,246,19,,,0,70,,247,19,,,0,30,,248,19,,,0,70,,249,19,,,0,30,,250,19,,,0,70,,251,19,,,0,30,,252,19,,,0,70,,253,19,,,0,30,,254,19,,,0,70,,255,19,,,0,30,,256,19,,,0,70,,257,19,,,0,30,,258,19,,,0,70,,259,19,,,0,30,,260,19,,,0,70,,261,19,,,0,30,,262,19,,,0
