'30',301019,64500,73400,972
'30',301019,74500,83400,972
'30',301019,84500,93400,972
'30',301019,94500,103400,972
'30',301019,104500,113400,972
'30',301019,114500,123400,972
'30',301019,124500,133400,972
'30',301019,134500,143400,972
'30',301019,144500,153400,972
'30',301019,154500,163400,972
'30',301019,164500,173400,972
'30',301019,174500,183400,972
'30',301019,184500,193400,972
'30',301019,194500,203400,2918
'30',301019,204500,213400,2918
'31',301019,64500,73400,972
'31',301019,74500,83400,972
'31',301019,84500,93400,972
'31',301019,94500,103400,972
'31',301019,104500,113400,972
'31',301019,114500,123400,972
'31',301019,124500,133400,972
'31',301019,134500,143400,972
'31',301019,144500,153400,972
'31',301019,154500,163400,972
'31',301019,164500,173400,972
'31',301019,174500,183400,972
'31',301019,184500,193400,972
