'30',101019,70000,74900,987
'30',101019,73000,81900,2962
'30',101019,80000,84900,987
'30',101019,83000,91900,2962
'30',101019,90000,94900,987
'30',101019,100000,104900,987
'30',101019,110000,114900,987
'30',101019,120000,124900,987
'30',101019,130000,134900,987
'30',101019,140000,144900,987
'30',101019,150000,154900,987
'30',101019,160000,164900,987
'30',101019,163000,171900,2962
'30',101019,170000,174900,987
'30',101019,173000,181900,2962
'30',101019,180000,184900,987
'30',101019,190000,194900,987
'30',101019,200000,204900,2962
'30',101019,210000,214900,2962
'31',101019,70000,74900,987
'31',101019,80000,84900,987
'31',101019,90000,94900,987
'31',101019,100000,104900,987
'31',101019,110000,114900,987
'31',101019,120000,124900,987
'31',101019,130000,134900,987
'31',101019,140000,144900,987
'31',101019,150000,154900,987
'31',101019,160000,164900,987
'31',101019,170000,174900,987
'31',101019,180000,184900,987
'31',101019,190000,194900,987
