200,'22',749,,1,35,,,0,100,,2,35,,,0,100,,3,35,,,0,100,,4,35,,,0,100,,5,35,,,0,100,,6,35,,,0,100,,7,35,,,0,100,,8,35,,,0,100,,9,35,,,0,100,,10,35,,,0,100,,11,35,,,0,100,,12,35,,,0,100,,13,35,,,0,100,,14,35,,,0,100,,15,35,,,0
200,'23',749,,16,35,,,0,100,,17,35,,,0,100,,18,35,,,0,100,,19,35,,,0,100,,20,35,,,0,100,,21,35,,,0,100,,22,35,,,0,100,,23,35,,,0,100,,24,35,,,0,100,,25,35,,,0,100,,26,35,,,0,100,,27,35,,,0,100,,28,35,,,0
300,'22',815,,29,48,4,,0,100,,30,48,4,,0,100,,31,48,4,,0,100,,32,48,4,,0,100,,33,48,4,,0,100,,34,48,4,,0,100,,35,48,4,,0,100,,36,48,4,,0,100,,37,48,4,,0,100,,38,48,4,,0,100,,39,48,4,,0,100,,40,48,4,,0,100,,41,48,4,,0,100,,42,48,4,,0,105,,43,48,4,,0
300,'23',815,,44,48,4,,0,100,,45,48,4,,0,100,,46,48,4,,0,100,,47,48,4,,0,100,,48,48,4,,0,100,,49,48,4,,0,100,,50,48,4,,0,100,,51,48,4,,0,100,,52,48,4,,0,100,,53,48,4,,0,100,,54,48,4,,0,100,,55,48,4,,0,100,,56,48,4,,0,100,,57,48,4,,0,105,,58,48,4,,0
500,'22',704,,59,27,,,0,100,,60,27,,,0,100,,61,27,,,0,100,,62,27,,,0,100,,63,27,,,0,100,,64,27,,,0,100,,65,27,,,0,100,,66,27,,,0,100,,67,27,,,0,100,,68,27,,,0,100,,69,27,,,0,100,,70,27,,,0,100,,71,27,,,0,100,,72,27,,,0,100,,73,27,,,0
500,'23',704,,74,27,,,0,100,,75,27,,,0,100,,76,27,,,0,100,,77,27,,,0,100,,78,27,,,0,100,,79,27,,,0,100,,80,27,,,0,100,,81,27,,,0,100,,82,27,,,0,100,,83,27,,,0,100,,84,27,,,0,100,,85,27,,,0,100,,86,27,,,0,100,,87,27,,,0,100,,88,27,,,0
20100,'22',730,,89,51,,,0,100,,90,51,,,0,100,,91,51,,,0,100,,92,51,,,0,100,,93,51,,,0,100,,94,51,,,0,100,,95,51,,,0,100,,96,51,,,0,100,,97,51,,,0,100,,98,51,,,0,100,,99,51,,,0,100,,100,51,,,0,100,,101,51,,,0,100,,102,51,,,0,100,,103,51,,,0
20100,'23',730,,104,51,,,0,100,,105,51,,,0,100,,106,51,,,0,100,,107,51,,,0,100,,108,51,,,0,100,,109,51,,,0,100,,110,51,,,0,100,,111,51,,,0,100,,112,51,,,0,100,,113,51,,,0,100,,114,51,,,0,100,,115,51,,,0,100,,116,51,,,0,100,,117,51,,,0,100,,118,51,,,0
40100,'22',729,,149,34,,,0,100,,150,34,,,0,100,,151,34,,,0,100,,152,34,,,0,100,,153,34,,,0,100,,154,34,,,0,100,,155,34,,,0,100,,156,34,,,0,100,,157,34,,,0,100,,158,34,,,0,100,,159,34,,,0,100,,160,34,,,0,100,,161,34,,,0,100,,162,34,,,0,100,,163,34,,,0
40100,'23',729,,164,34,,,0,100,,165,34,,,0,100,,166,34,,,0,100,,167,34,,,0,100,,168,34,,,0,100,,169,34,,,0,100,,170,34,,,0,100,,171,34,,,0,100,,172,34,,,0,100,,173,34,,,0,100,,174,34,,,0,100,,175,34,,,0,100,,176,34,,,0
