200,'22',753,,1,38,,,0,100,,2,38,,,0,100,,3,38,,,0,100,,4,38,,,0,100,,5,38,,,0,100,,6,38,,,0,100,,7,38,,,0,100,,8,38,,,0,100,,9,38,,,0,100,,10,38,,,0,100,,11,38,,,0,100,,12,38,,,0,100,,13,38,,,0,100,,14,38,,,0,100,,15,38,,,0
200,'23',753,,16,38,,,0,100,,17,38,,,0,100,,18,38,,,0,100,,19,38,,,0,100,,20,38,,,0,100,,21,38,,,0,100,,22,38,,,0,100,,23,38,,,0,100,,24,38,,,0,100,,25,38,,,0,100,,26,38,,,0,100,,27,38,,,0,100,,28,38,,,0
300,'22',712,,29,2,,,0,105,,30,2,,,0,100,,31,2,,,0,100,,32,2,,,0,100,,33,2,,,0,100,,34,2,,,0,100,,35,2,,,0,100,,36,2,,,0,100,,37,2,,,0,100,,38,2,,,0,100,,39,2,,,0,100,,40,2,,,0,100,,41,2,,,0,100,,42,2,,,0,100,,43,2,,,0
300,'23',712,,44,2,,,0,105,,45,2,,,0,100,,46,2,,,0,100,,47,2,,,0,100,,48,2,,,0,100,,49,2,,,0,100,,50,2,,,0,100,,51,2,,,0,100,,52,2,,,0,100,,53,2,,,0,100,,54,2,,,0,100,,55,2,,,0,100,,56,2,,,0,100,,57,2,,,0,100,,58,2,,,0
500,'22',707,,59,30,,,0,100,,60,30,,,0,100,,61,30,,,0,100,,62,30,,,0,100,,63,30,,,0,100,,64,30,,,0,100,,65,30,,,0,100,,66,30,,,0,100,,67,30,,,0,100,,68,30,,,0,100,,69,30,,,0,100,,70,30,,,0,100,,71,30,,,0,100,,72,30,,,0,100,,73,30,,,0
500,'23',707,,74,30,,,0,100,,75,30,,,0,100,,76,30,,,0,100,,77,30,,,0,100,,78,30,,,0,100,,79,30,,,0,100,,80,30,,,0,100,,81,30,,,0,100,,82,30,,,0,100,,83,30,,,0,100,,84,30,,,0,100,,85,30,,,0,100,,86,30,,,0,100,,87,30,,,0,100,,88,30,,,0
20100,'22',735,,89,54,,,0,100,,90,54,,,0,100,,91,54,,,0,100,,92,54,,,0,100,,93,54,,,0,100,,94,54,,,0,100,,95,54,,,0,100,,96,54,,,0,100,,97,54,,,0,100,,98,54,,,0,100,,99,54,,,0,100,,100,54,,,0,100,,101,54,,,0,100,,102,54,,,0,100,,103,54,,,0
20100,'23',735,,104,54,,,0,100,,105,54,,,0,100,,106,54,,,0,100,,107,54,,,0,100,,108,54,,,0,100,,109,54,,,0,100,,110,54,,,0,100,,111,54,,,0,100,,112,54,,,0,100,,113,54,,,0,100,,114,54,,,0,100,,115,54,,,0,100,,116,54,,,0,100,,117,54,,,0,100,,118,54,,,0
40100,'22',734,,149,37,,,0,100,,150,37,,,0,100,,151,37,,,0,100,,152,37,,,0,100,,153,37,,,0,100,,154,37,,,0,100,,155,37,,,0,100,,156,37,,,0,100,,157,37,,,0,100,,158,37,,,0,100,,159,37,,,0,100,,160,37,,,0,100,,161,37,,,0,100,,162,37,,,0,100,,163,37,,,0
40100,'23',734,,164,37,,,0,100,,165,37,,,0,100,,166,37,,,0,100,,167,37,,,0,100,,168,37,,,0,100,,169,37,,,0,100,,170,37,,,0,100,,171,37,,,0,100,,172,37,,,0,100,,173,37,,,0,100,,174,37,,,0,100,,175,37,,,0,100,,176,37,,,0
10100000,'22',702,,207,3,,,0,30,,208,3,,,0,70,,209,3,,,0,30,,210,3,,,0,70,,211,3,,,0,30,,212,3,,,0,70,,213,3,,,0,30,,214,3,,,0,70,,215,3,,,0,30,,216,3,,,0,70,,217,3,,,0,30,,218,3,,,0,70,,219,3,,,0,30,,220,3,,,0,70,,221,3,,,0,30,,222,3,,,0,70,,223,3,,,0,30,,224,3,,,0,70,,225,3,,,0,30,,226,3,,,0,70,,227,3,,,0,30,,228,3,,,0,70,,229,3,,,0,30,,230,3,,,0,70,,231,3,,,0,30,,232,3,,,0,70,,233,3,,,0,30,,234,3,,,0,70,,235,3,,,0,30,,236,3,,,0
10100000,'23',702,,237,3,,,0,30,,238,3,,,0,70,,239,3,,,0,30,,240,3,,,0,70,,241,3,,,0,30,,242,3,,,0,70,,243,3,,,0,30,,244,3,,,0,70,,245,3,,,0,30,,246,3,,,0,70,,247,3,,,0,30,,248,3,,,0,70,,249,3,,,0,30,,250,3,,,0,70,,251,3,,,0,30,,252,3,,,0,70,,253,3,,,0,30,,254,3,,,0,70,,255,3,,,0,30,,256,3,,,0,70,,257,3,,,0,30,,258,3,,,0,70,,259,3,,,0,30,,260,3,,,0,70,,261,3,,,0,30,,262,3,,,0
