200,'22',750,,1,36,,,0,100,,2,36,,,0,100,,3,36,,,0,100,,4,36,,,0,100,,5,36,,,0,100,,6,36,,,0,100,,7,36,,,0,100,,8,36,,,0,100,,9,36,,,0,100,,10,36,,,0,100,,11,36,,,0,100,,12,36,,,0,100,,13,36,,,0,100,,14,36,,,0,100,,15,36,,,0
200,'23',750,,16,36,,,0,100,,17,36,,,0,100,,18,36,,,0,100,,19,36,,,0,100,,20,36,,,0,100,,21,36,,,0,100,,22,36,,,0,100,,23,36,,,0,100,,24,36,,,0,100,,25,36,,,0,100,,26,36,,,0,100,,27,36,,,0,100,,28,36,,,0
300,'22',700,,29,0,,,0,115,,30,0,,,0,100,,31,0,,,0,100,,32,0,,,0,100,,33,0,,,0,100,,34,0,,,0,100,,35,0,,,0,100,,36,0,,,0,100,,37,0,,,0,100,,38,0,,,0,100,,39,0,,,0,100,,40,0,,,0,100,,41,0,,,0,100,,42,0,,,0,100,,43,0,,,0
300,'23',700,,44,0,,,0,115,,45,0,,,0,100,,46,0,,,0,100,,47,0,,,0,100,,48,0,,,0,100,,49,0,,,0,100,,50,0,,,0,100,,51,0,,,0,100,,52,0,,,0,100,,53,0,,,0,100,,54,0,,,0,100,,55,0,,,0,100,,56,0,,,0,100,,57,0,,,0,100,,58,0,,,0
500,'22',706,,59,28,,,0,100,,60,28,,,0,100,,61,28,,,0,100,,62,28,,,0,100,,63,28,,,0,100,,64,28,,,0,100,,65,28,,,0,100,,66,28,,,0,100,,67,28,,,0,100,,68,28,,,0,100,,69,28,,,0,100,,70,28,,,0,100,,71,28,,,0,100,,72,28,,,0,100,,73,28,,,0
500,'23',706,,74,28,,,0,100,,75,28,,,0,100,,76,28,,,0,100,,77,28,,,0,100,,78,28,,,0,100,,79,28,,,0,100,,80,28,,,0,100,,81,28,,,0,100,,82,28,,,0,100,,83,28,,,0,100,,84,28,,,0,100,,85,28,,,0,100,,86,28,,,0,100,,87,28,,,0,100,,88,28,,,0
20100,'22',732,,89,52,,,0,100,,90,52,,,0,100,,91,52,,,0,100,,92,52,,,0,100,,93,52,,,0,100,,94,52,,,0,100,,95,52,,,0,100,,96,52,,,0,100,,97,52,,,0,100,,98,52,,,0,100,,99,52,,,0,100,,100,52,,,0,100,,101,52,,,0,100,,102,52,,,0,100,,103,52,,,0
20100,'23',732,,104,52,,,0,100,,105,52,,,0,100,,106,52,,,0,100,,107,52,,,0,100,,108,52,,,0,100,,109,52,,,0,100,,110,52,,,0,100,,111,52,,,0,100,,112,52,,,0,100,,113,52,,,0,100,,114,52,,,0,100,,115,52,,,0,100,,116,52,,,0,100,,117,52,,,0,100,,118,52,,,0
40100,'22',730,,149,35,,,0,100,,150,35,,,0,100,,151,35,,,0,100,,152,35,,,0,100,,153,35,,,0,100,,154,35,,,0,100,,155,35,,,0,100,,156,35,,,0,100,,157,35,,,0,100,,158,35,,,0,100,,159,35,,,0,100,,160,35,,,0,100,,161,35,,,0,100,,162,35,,,0,100,,163,35,,,0
40100,'23',730,,164,35,,,0,100,,165,35,,,0,100,,166,35,,,0,100,,167,35,,,0,100,,168,35,,,0,100,,169,35,,,0,100,,170,35,,,0,100,,171,35,,,0,100,,172,35,,,0,100,,173,35,,,0,100,,174,35,,,0,100,,175,35,,,0,100,,176,35,,,0
10100000,'22',700,,207,1,,,0,30,,208,1,,,0,70,,209,1,,,0,30,,210,1,,,0,70,,211,1,,,0,30,,212,1,,,0,70,,213,1,,,0,30,,214,1,,,0,70,,215,1,,,0,30,,216,1,,,0,70,,217,1,,,0,30,,218,1,,,0,70,,219,1,,,0,30,,220,1,,,0,70,,221,1,,,0,30,,222,1,,,0,70,,223,1,,,0,30,,224,1,,,0,70,,225,1,,,0,30,,226,1,,,0,70,,227,1,,,0,30,,228,1,,,0,70,,229,1,,,0,30,,230,1,,,0,70,,231,1,,,0,30,,232,1,,,0,70,,233,1,,,0,30,,234,1,,,0,70,,235,1,,,0,30,,236,1,,,0
10100000,'23',700,,237,1,,,0,30,,238,1,,,0,70,,239,1,,,0,30,,240,1,,,0,70,,241,1,,,0,30,,242,1,,,0,70,,243,1,,,0,30,,244,1,,,0,70,,245,1,,,0,30,,246,1,,,0,70,,247,1,,,0,30,,248,1,,,0,70,,249,1,,,0,30,,250,1,,,0,70,,251,1,,,0,30,,252,1,,,0,70,,253,1,,,0,30,,254,1,,,0,70,,255,1,,,0,30,,256,1,,,0,70,,257,1,,,0,30,,258,1,,,0,70,,259,1,,,0,30,,260,1,,,0,70,,261,1,,,0,30,,262,1,,,0
