101019,'30',700,,282,30,,,0,30,,278,30,,,0,70,,283,30,,,0,30,,279,30,,,0,70,,284,30,,,0,100,,285,30,,,0,100,,286,30,,,0,100,,287,30,,,0,100,,288,30,,,0,100,,289,30,,,0,100,,290,30,,,0,100,,291,30,,,0,30,,280,30,,,0,70,,292,30,,,0,30,,281,30,,,0,70,,293,30,,,0,100,,294,30,,,0,100,,276,30,,,0,100,,277,30,,,0
101019,'31',700,,295,30,,,0,100,,296,30,,,0,100,,297,30,,,0,100,,298,30,,,0,100,,299,30,,,0,100,,300,30,,,0,100,,301,30,,,0,100,,302,30,,,0,100,,303,30,,,0,100,,304,30,,,0,100,,305,30,,,0,100,,306,30,,,0,100,,307,30,,,0
201019,'30',640,,408,30,,,0,100,,409,30,,,0,100,,410,30,,,0,100,,411,30,,,0,100,,412,30,,,0,100,,413,30,,,0,100,,414,30,,,0,100,,415,30,,,0,100,,416,30,,,0,100,,417,30,,,0,100,,418,30,,,0,100,,419,30,,,0,100,,420,30,,,0,100,,406,30,,,0,100,,407,30,,,0
201019,'31',640,,421,30,,,0,100,,422,30,,,0,100,,423,30,,,0,100,,424,30,,,0,100,,425,30,,,0,100,,426,30,,,0,100,,427,30,,,0,100,,428,30,,,0,100,,429,30,,,0,100,,430,30,,,0,100,,431,30,,,0,100,,432,30,,,0,100,,433,30,,,0
202019,'30',725,,449,420,,,0,100,,450,420,,,0,100,,451,420,,,0,100,,452,420,,,0,100,,453,420,,,0,100,,454,420,,,0,100,,455,420,,,0,100,,456,420,,,0,100,,457,420,,,0,100,,458,420,,,0,100,,459,420,,,0,100,,460,420,,,0,100,,461,420,,,0,100,,447,420,,,0,100,,448,420,,,0
202019,'31',725,,462,420,,,0,100,,463,420,,,0,100,,464,420,,,0,100,,465,420,,,0,100,,466,420,,,0,100,,467,420,,,0,100,,468,420,,,0,100,,469,420,,,0,100,,470,420,,,0,100,,471,420,,,0,100,,472,420,,,0,100,,473,420,,,0,100,,474,420,,,0
301019,'30',730,,490,420,,,0,100,,491,420,,,0,100,,492,420,,,0,100,,493,420,,,0,100,,494,420,,,0,100,,495,420,,,0,100,,496,420,,,0,100,,497,420,,,0,100,,498,420,,,0,100,,499,420,,,0,100,,500,420,,,0,100,,501,420,,,0,100,,502,420,,,0,100,,488,420,,,0,100,,489,420,,,0
301019,'31',730,,503,420,,,0,100,,504,420,,,0,100,,505,420,,,0,100,,506,420,,,0,100,,507,420,,,0,100,,508,420,,,0,100,,509,420,,,0,100,,510,420,,,0,100,,511,420,,,0,100,,512,420,,,0,100,,513,420,,,0,100,,514,420,,,0,100,,515,420,,,0
302019,'30',700,,531,30,,,0,100,,532,30,,,0,100,,533,30,,,0,100,,534,30,,,0,100,,535,30,,,0,100,,536,30,,,0,100,,537,30,,,0,100,,538,30,,,0,100,,539,30,,,0,100,,540,30,,,0,100,,541,30,,,0,100,,542,30,,,0,100,,543,30,,,0,100,,529,30,,,0,100,,530,30,,,0
302019,'31',700,,544,30,,,0,100,,545,30,,,0,100,,546,30,,,0,100,,547,30,,,0,100,,548,30,,,0,100,,549,30,,,0,100,,550,30,,,0,100,,551,30,,,0,100,,552,30,,,0,100,,553,30,,,0,100,,554,30,,,0,100,,555,30,,,0,100,,556,30,,,0
401019,'30',645,,576,30,,,0,70,,572,30,,,0,30,,577,30,,,0,70,,573,30,,,0,30,,578,30,,,0,100,,579,30,,,0,100,,580,30,,,0,100,,581,30,,,0,100,,582,30,,,0,100,,583,30,,,0,100,,584,30,,,0,100,,585,30,,,0,70,,574,30,,,0,30,,586,30,,,0,70,,575,30,,,0,30,,587,30,,,0,100,,588,30,,,0,100,,570,30,,,0,100,,571,30,,,0
401019,'31',645,,589,30,,,0,100,,590,30,,,0,100,,591,30,,,0,100,,592,30,,,0,100,,593,30,,,0,100,,594,30,,,0,100,,595,30,,,0,100,,596,30,,,0,100,,597,30,,,0,100,,598,30,,,0,100,,599,30,,,0,100,,600,30,,,0,100,,601,30,,,0
