'30',202019,64000,72900,1089
'30',202019,74000,82900,1089
'30',202019,84000,92900,1089
'30',202019,94000,102900,1089
'30',202019,104000,112900,1089
'30',202019,114000,122900,1089
'30',202019,124000,132900,1089
'30',202019,134000,142900,1089
'30',202019,144000,152900,1089
'30',202019,154000,162900,1089
'30',202019,164000,172900,1089
'30',202019,174000,182900,1089
'30',202019,184000,192900,1089
'30',202019,194000,202900,3268
'30',202019,204000,212900,3268
'31',202019,64000,72900,1089
'31',202019,74000,82900,1089
'31',202019,84000,92900,1089
'31',202019,94000,102900,1089
'31',202019,104000,112900,1089
'31',202019,114000,122900,1089
'31',202019,124000,132900,1089
'31',202019,134000,142900,1089
'31',202019,144000,152900,1089
'31',202019,154000,162900,1089
'31',202019,164000,172900,1089
'31',202019,174000,182900,1089
'31',202019,184000,192900,1089
