200,'22',751,,1,37,,,0,100,,2,37,,,0,100,,3,37,,,0,100,,4,37,,,0,100,,5,37,,,0,100,,6,37,,,0,100,,7,37,,,0,100,,8,37,,,0,100,,9,37,,,0,100,,10,37,,,0,100,,11,37,,,0,100,,12,37,,,0,100,,13,37,,,0,100,,14,37,,,0,100,,15,37,,,0
200,'23',751,,16,37,,,0,100,,17,37,,,0,100,,18,37,,,0,100,,19,37,,,0,100,,20,37,,,0,100,,21,37,,,0,100,,22,37,,,0,100,,23,37,,,0,100,,24,37,,,0,100,,25,37,,,0,100,,26,37,,,0,100,,27,37,,,0,100,,28,37,,,0
300,'22',706,,29,1,,,0,110,,30,1,,,0,100,,31,1,,,0,100,,32,1,,,0,100,,33,1,,,0,100,,34,1,,,0,100,,35,1,,,0,100,,36,1,,,0,100,,37,1,,,0,100,,38,1,,,0,100,,39,1,,,0,100,,40,1,,,0,100,,41,1,,,0,100,,42,1,,,0,100,,43,1,,,0
300,'23',706,,44,1,,,0,110,,45,1,,,0,100,,46,1,,,0,100,,47,1,,,0,100,,48,1,,,0,100,,49,1,,,0,100,,50,1,,,0,100,,51,1,,,0,100,,52,1,,,0,100,,53,1,,,0,100,,54,1,,,0,100,,55,1,,,0,100,,56,1,,,0,100,,57,1,,,0,100,,58,1,,,0
500,'22',706,,59,29,,,0,100,,60,29,,,0,100,,61,29,,,0,100,,62,29,,,0,100,,63,29,,,0,100,,64,29,,,0,100,,65,29,,,0,100,,66,29,,,0,100,,67,29,,,0,100,,68,29,,,0,100,,69,29,,,0,100,,70,29,,,0,100,,71,29,,,0,100,,72,29,,,0,100,,73,29,,,0
500,'23',706,,74,29,,,0,100,,75,29,,,0,100,,76,29,,,0,100,,77,29,,,0,100,,78,29,,,0,100,,79,29,,,0,100,,80,29,,,0,100,,81,29,,,0,100,,82,29,,,0,100,,83,29,,,0,100,,84,29,,,0,100,,85,29,,,0,100,,86,29,,,0,100,,87,29,,,0,100,,88,29,,,0
20100,'22',733,,89,53,,,0,100,,90,53,,,0,100,,91,53,,,0,100,,92,53,,,0,100,,93,53,,,0,100,,94,53,,,0,100,,95,53,,,0,100,,96,53,,,0,100,,97,53,,,0,100,,98,53,,,0,100,,99,53,,,0,100,,100,53,,,0,100,,101,53,,,0,100,,102,53,,,0,100,,103,53,,,0
20100,'23',733,,104,53,,,0,100,,105,53,,,0,100,,106,53,,,0,100,,107,53,,,0,100,,108,53,,,0,100,,109,53,,,0,100,,110,53,,,0,100,,111,53,,,0,100,,112,53,,,0,100,,113,53,,,0,100,,114,53,,,0,100,,115,53,,,0,100,,116,53,,,0,100,,117,53,,,0,100,,118,53,,,0
40100,'22',732,,149,36,,,0,100,,150,36,,,0,100,,151,36,,,0,100,,152,36,,,0,100,,153,36,,,0,100,,154,36,,,0,100,,155,36,,,0,100,,156,36,,,0,100,,157,36,,,0,100,,158,36,,,0,100,,159,36,,,0,100,,160,36,,,0,100,,161,36,,,0,100,,162,36,,,0,100,,163,36,,,0
40100,'23',732,,164,36,,,0,100,,165,36,,,0,100,,166,36,,,0,100,,167,36,,,0,100,,168,36,,,0,100,,169,36,,,0,100,,170,36,,,0,100,,171,36,,,0,100,,172,36,,,0,100,,173,36,,,0,100,,174,36,,,0,100,,175,36,,,0,100,,176,36,,,0
10100000,'22',701,,207,2,,,0,30,,208,2,,,0,70,,209,2,,,0,30,,210,2,,,0,70,,211,2,,,0,30,,212,2,,,0,70,,213,2,,,0,30,,214,2,,,0,70,,215,2,,,0,30,,216,2,,,0,70,,217,2,,,0,30,,218,2,,,0,70,,219,2,,,0,30,,220,2,,,0,70,,221,2,,,0,30,,222,2,,,0,70,,223,2,,,0,30,,224,2,,,0,70,,225,2,,,0,30,,226,2,,,0,70,,227,2,,,0,30,,228,2,,,0,70,,229,2,,,0,30,,230,2,,,0,70,,231,2,,,0,30,,232,2,,,0,70,,233,2,,,0,30,,234,2,,,0,70,,235,2,,,0,30,,236,2,,,0
10100000,'23',701,,237,2,,,0,30,,238,2,,,0,70,,239,2,,,0,30,,240,2,,,0,70,,241,2,,,0,30,,242,2,,,0,70,,243,2,,,0,30,,244,2,,,0,70,,245,2,,,0,30,,246,2,,,0,70,,247,2,,,0,30,,248,2,,,0,70,,249,2,,,0,30,,250,2,,,0,70,,251,2,,,0,30,,252,2,,,0,70,,253,2,,,0,30,,254,2,,,0,70,,255,2,,,0,30,,256,2,,,0,70,,257,2,,,0,30,,258,2,,,0,70,,259,2,,,0,30,,260,2,,,0,70,,261,2,,,0,30,,262,2,,,0
