200,'22',748,,1,34,,,0,100,,2,34,,,0,100,,3,34,,,0,100,,4,34,,,0,100,,5,34,,,0,100,,6,34,,,0,100,,7,34,,,0,100,,8,34,,,0,100,,9,34,,,0,100,,10,34,,,0,100,,11,34,,,0,100,,12,34,,,0,100,,13,34,,,0,100,,14,34,,,0,100,,15,34,,,0
200,'23',748,,16,34,,,0,100,,17,34,,,0,100,,18,34,,,0,100,,19,34,,,0,100,,20,34,,,0,100,,21,34,,,0,100,,22,34,,,0,100,,23,34,,,0,100,,24,34,,,0,100,,25,34,,,0,100,,26,34,,,0,100,,27,34,,,0,100,,28,34,,,0
300,'22',811,,29,47,,,0,100,,30,47,,,0,100,,31,47,,,0,100,,32,47,,,0,100,,33,47,,,0,100,,34,47,,,0,100,,35,47,,,0,100,,36,47,,,0,100,,37,47,,,0,100,,38,47,,,0,100,,39,47,,,0,100,,40,47,,,0,100,,41,47,,,0,100,,42,47,,,0,104,,43,47,,,0
300,'23',811,,44,47,,,0,100,,45,47,,,0,100,,46,47,,,0,100,,47,47,,,0,100,,48,47,,,0,100,,49,47,,,0,100,,50,47,,,0,100,,51,47,,,0,100,,52,47,,,0,100,,53,47,,,0,100,,54,47,,,0,100,,55,47,,,0,100,,56,47,,,0,100,,57,47,,,0,104,,58,47,,,0
500,'22',703,,59,26,,,0,100,,60,26,,,0,100,,61,26,,,0,100,,62,26,,,0,100,,63,26,,,0,100,,64,26,,,0,100,,65,26,,,0,100,,66,26,,,0,100,,67,26,,,0,100,,68,26,,,0,100,,69,26,,,0,100,,70,26,,,0,100,,71,26,,,0,100,,72,26,,,0,100,,73,26,,,0
500,'23',703,,74,26,,,0,100,,75,26,,,0,100,,76,26,,,0,100,,77,26,,,0,100,,78,26,,,0,100,,79,26,,,0,100,,80,26,,,0,100,,81,26,,,0,100,,82,26,,,0,100,,83,26,,,0,100,,84,26,,,0,100,,85,26,,,0,100,,86,26,,,0,100,,87,26,,,0,100,,88,26,,,0
20100,'22',729,,89,50,,,0,100,,90,50,,,0,100,,91,50,,,0,100,,92,50,,,0,100,,93,50,,,0,100,,94,50,,,0,100,,95,50,,,0,100,,96,50,,,0,100,,97,50,,,0,100,,98,50,,,0,100,,99,50,,,0,100,,100,50,,,0,100,,101,50,,,0,100,,102,50,,,0,100,,103,50,,,0
20100,'23',729,,104,50,,,0,100,,105,50,,,0,100,,106,50,,,0,100,,107,50,,,0,100,,108,50,,,0,100,,109,50,,,0,100,,110,50,,,0,100,,111,50,,,0,100,,112,50,,,0,100,,113,50,,,0,100,,114,50,,,0,100,,115,50,,,0,100,,116,50,,,0,100,,117,50,,,0,100,,118,50,,,0
40100,'22',728,,149,33,,,0,100,,150,33,,,0,100,,151,33,,,0,100,,152,33,,,0,100,,153,33,,,0,100,,154,33,,,0,100,,155,33,,,0,100,,156,33,,,0,100,,157,33,,,0,100,,158,33,,,0,100,,159,33,,,0,100,,160,33,,,0,100,,161,33,,,0,100,,162,33,,,0,100,,163,33,,,0
40100,'23',728,,164,33,,,0,100,,165,33,,,0,100,,166,33,,,0,100,,167,33,,,0,100,,168,33,,,0,100,,169,33,,,0,100,,170,33,,,0,100,,171,33,,,0,100,,172,33,,,0,100,,173,33,,,0,100,,174,33,,,0,100,,175,33,,,0,100,,176,33,,,0
