200,'22',746,,1,32,,,0,100,,2,32,,,0,100,,3,32,,,0,100,,4,32,,,0,100,,5,32,,,0,100,,6,32,,,0,100,,7,32,,,0,100,,8,32,,,0,100,,9,32,,,0,100,,10,32,,,0,100,,11,32,,,0,100,,12,32,,,0,100,,13,32,,,0,100,,14,32,,,0,100,,15,32,,,0
200,'23',746,,16,32,,,0,100,,17,32,,,0,100,,18,32,,,0,100,,19,32,,,0,100,,20,32,,,0,100,,21,32,,,0,100,,22,32,,,0,100,,23,32,,,0,100,,24,32,,,0,100,,25,32,,,0,100,,26,32,,,0,100,,27,32,,,0,100,,28,32,,,0
300,'22',805,,29,45,,,0,100,,30,45,,,0,100,,31,45,,,0,100,,32,45,,,0,100,,33,45,,,0,100,,34,45,,,0,100,,35,45,,,0,100,,36,45,,,0,100,,37,45,,,0,100,,38,45,,,0,100,,39,45,,,0,100,,40,45,,,0,100,,41,45,,,0,100,,42,45,,,0,100,,43,45,,,0
300,'23',805,,44,45,,,0,100,,45,45,,,0,100,,46,45,,,0,100,,47,45,,,0,100,,48,45,,,0,100,,49,45,,,0,100,,50,45,,,0,100,,51,45,,,0,100,,52,45,,,0,100,,53,45,,,0,100,,54,45,,,0,100,,55,45,,,0,100,,56,45,,,0,100,,57,45,,,0,100,,58,45,,,0
500,'22',701,,59,24,,,0,100,,60,24,,,0,100,,61,24,,,0,100,,62,24,,,0,100,,63,24,,,0,100,,64,24,,,0,100,,65,24,,,0,100,,66,24,,,0,100,,67,24,,,0,100,,68,24,,,0,100,,69,24,,,0,100,,70,24,,,0,100,,71,24,,,0,100,,72,24,,,0,100,,73,24,,,0
500,'23',701,,74,24,,,0,100,,75,24,,,0,100,,76,24,,,0,100,,77,24,,,0,100,,78,24,,,0,100,,79,24,,,0,100,,80,24,,,0,100,,81,24,,,0,100,,82,24,,,0,100,,83,24,,,0,100,,84,24,,,0,100,,85,24,,,0,100,,86,24,,,0,100,,87,24,,,0,100,,88,24,,,0
20100,'22',727,,89,48,,,0,100,,90,48,,,0,100,,91,48,,,0,100,,92,48,,,0,100,,93,48,,,0,100,,94,48,,,0,100,,95,48,,,0,100,,96,48,,,0,100,,97,48,,,0,100,,98,48,,,0,100,,99,48,,,0,100,,100,48,,,0,100,,101,48,,,0,100,,102,48,,,0,100,,103,48,,,0
20100,'23',727,,104,48,,,0,100,,105,48,,,0,100,,106,48,,,0,100,,107,48,,,0,100,,108,48,,,0,100,,109,48,,,0,100,,110,48,,,0,100,,111,48,,,0,100,,112,48,,,0,100,,113,48,,,0,100,,114,48,,,0,100,,115,48,,,0,100,,116,48,,,0,100,,117,48,,,0,100,,118,48,,,0
20200,'22',744,,119,27,,,0,100,,120,27,,,0,100,,121,27,,,0,100,,122,27,,,0,100,,123,27,,,0,100,,124,27,,,0,100,,125,27,,,0,100,,126,27,,,0,100,,127,27,,,0,100,,128,27,,,0,100,,129,27,,,0,100,,130,27,,,0,100,,131,27,,,0,100,,132,27,,,0,100,,133,27,,,0
20200,'23',744,,134,27,,,0,100,,135,27,,,0,100,,136,27,,,0,100,,137,27,,,0,100,,138,27,,,0,100,,139,27,,,0,100,,140,27,,,0,100,,141,27,,,0,100,,142,27,,,0,100,,143,27,,,0,100,,144,27,,,0,100,,145,27,,,0,100,,146,27,,,0,100,,147,27,,,0,100,,148,27,,,0
40100,'22',726,,149,31,,,0,100,,150,31,,,0,100,,151,31,,,0,100,,152,31,,,0,100,,153,31,,,0,100,,154,31,,,0,100,,155,31,,,0,100,,156,31,,,0,100,,157,31,,,0,100,,158,31,,,0,100,,159,31,,,0,100,,160,31,,,0,100,,161,31,,,0,100,,162,31,,,0,100,,163,31,,,0
40100,'23',726,,164,31,,,0,100,,165,31,,,0,100,,166,31,,,0,100,,167,31,,,0,100,,168,31,,,0,100,,169,31,,,0,100,,170,31,,,0,100,,171,31,,,0,100,,172,31,,,0,100,,173,31,,,0,100,,174,31,,,0,100,,175,31,,,0,100,,176,31,,,0
