101019,'30',702,,282,40,,,0,30,,278,40,,,0,70,,283,40,,,0,30,,279,40,,,0,70,,284,40,,,0,100,,285,40,,,0,100,,286,40,,,0,100,,287,40,,,0,100,,288,40,,,0,100,,289,40,,,0,100,,290,40,,,0,100,,291,40,,,0,30,,280,40,,,0,70,,292,40,,,0,30,,281,40,,,0,70,,293,40,,,0,100,,294,40,,,0,100,,276,40,,,0,100,,277,40,,,0
101019,'31',702,,295,40,,,0,100,,296,40,,,0,100,,297,40,,,0,100,,298,40,,,0,100,,299,40,,,0,100,,300,40,,,0,100,,301,40,,,0,100,,302,40,,,0,100,,303,40,,,0,100,,304,40,,,0,100,,305,40,,,0,100,,306,40,,,0,100,,307,40,,,0
201019,'30',642,,408,40,,,0,100,,409,40,,,0,100,,410,40,,,0,100,,411,40,,,0,100,,412,40,,,0,100,,413,40,,,0,100,,414,40,,,0,100,,415,40,,,0,100,,416,40,,,0,100,,417,40,,,0,100,,418,40,,,0,100,,419,40,,,0,100,,420,40,,,0,100,,406,40,,,0,100,,407,40,,,0
201019,'31',642,,421,40,,,0,100,,422,40,,,0,100,,423,40,,,0,100,,424,40,,,0,100,,425,40,,,0,100,,426,40,,,0,100,,427,40,,,0,100,,428,40,,,0,100,,429,40,,,0,100,,430,40,,,0,100,,431,40,,,0,100,,432,40,,,0,100,,433,40,,,0
202019,'30',727,,449,430,,,0,100,,450,430,,,0,100,,451,430,,,0,100,,452,430,,,0,100,,453,430,,,0,100,,454,430,,,0,100,,455,430,,,0,100,,456,430,,,0,100,,457,430,,,0,100,,458,430,,,0,100,,459,430,,,0,100,,460,430,,,0,100,,461,430,,,0,100,,447,430,,,0,100,,448,430,,,0
202019,'31',727,,462,430,,,0,100,,463,430,,,0,100,,464,430,,,0,100,,465,430,,,0,100,,466,430,,,0,100,,467,430,,,0,100,,468,430,,,0,100,,469,430,,,0,100,,470,430,,,0,100,,471,430,,,0,100,,472,430,,,0,100,,473,430,,,0,100,,474,430,,,0
301019,'30',732,,490,430,,,0,100,,491,430,,,0,100,,492,430,,,0,100,,493,430,,,0,100,,494,430,,,0,100,,495,430,,,0,100,,496,430,,,0,100,,497,430,,,0,100,,498,430,,,0,100,,499,430,,,0,100,,500,430,,,0,100,,501,430,,,0,100,,502,430,,,0,100,,488,430,,,0,100,,489,430,,,0
301019,'31',732,,503,430,,,0,100,,504,430,,,0,100,,505,430,,,0,100,,506,430,,,0,100,,507,430,,,0,100,,508,430,,,0,100,,509,430,,,0,100,,510,430,,,0,100,,511,430,,,0,100,,512,430,,,0,100,,513,430,,,0,100,,514,430,,,0,100,,515,430,,,0
302019,'30',702,,531,40,,,0,100,,532,40,,,0,100,,533,40,,,0,100,,534,40,,,0,100,,535,40,,,0,100,,536,40,,,0,100,,537,40,,,0,100,,538,40,,,0,100,,539,40,,,0,100,,540,40,,,0,100,,541,40,,,0,100,,542,40,,,0,100,,543,40,,,0,100,,529,40,,,0,100,,530,40,,,0
302019,'31',702,,544,40,,,0,100,,545,40,,,0,100,,546,40,,,0,100,,547,40,,,0,100,,548,40,,,0,100,,549,40,,,0,100,,550,40,,,0,100,,551,40,,,0,100,,552,40,,,0,100,,553,40,,,0,100,,554,40,,,0,100,,555,40,,,0,100,,556,40,,,0
401019,'30',647,,576,40,,,0,70,,572,40,,,0,30,,577,40,,,0,70,,573,40,,,0,30,,578,40,,,0,100,,579,40,,,0,100,,580,40,,,0,100,,581,40,,,0,100,,582,40,,,0,100,,583,40,,,0,100,,584,40,,,0,100,,585,40,,,0,70,,574,40,,,0,30,,586,40,,,0,70,,575,40,,,0,30,,587,40,,,0,100,,588,40,,,0,100,,570,40,,,0,100,,571,40,,,0
401019,'31',647,,589,40,,,0,100,,590,40,,,0,100,,591,40,,,0,100,,592,40,,,0,100,,593,40,,,0,100,,594,40,,,0,100,,595,40,,,0,100,,596,40,,,0,100,,597,40,,,0,100,,598,40,,,0,100,,599,40,,,0,100,,600,40,,,0,100,,601,40,,,0
