'30',401019,64500,73100,962
'30',401019,71500,80100,2886
'30',401019,74500,83100,962
'30',401019,81500,90100,2886
'30',401019,84500,93100,962
'30',401019,94500,103100,962
'30',401019,104500,113100,962
'30',401019,114500,123100,962
'30',401019,124500,133100,962
'30',401019,134500,143100,962
'30',401019,144500,153100,962
'30',401019,154500,163100,962
'30',401019,161500,170100,2886
'30',401019,164500,173100,962
'30',401019,171500,180100,2886
'30',401019,174500,183100,962
'30',401019,184500,193100,962
'30',401019,194500,203100,2886
'30',401019,204500,213100,2886
'31',401019,64500,73100,962
'31',401019,74500,83100,962
'31',401019,84500,93100,962
'31',401019,94500,103100,962
'31',401019,104500,113100,962
'31',401019,114500,123100,962
'31',401019,124500,133100,962
'31',401019,134500,143100,962
'31',401019,144500,153100,962
'31',401019,154500,163100,962
'31',401019,164500,173100,962
'31',401019,174500,183100,962
'31',401019,184500,193100,962
