101019,'30',704,,282,60,,,0,30,,278,60,,,0,70,,283,60,,,0,30,,279,60,,,0,70,,284,60,,,0,100,,285,60,,,0,100,,286,60,,,0,100,,287,60,,,0,100,,288,60,,,0,100,,289,60,,,0,100,,290,60,,,0,100,,291,60,,,0,30,,280,60,,,0,70,,292,60,,,0,30,,281,60,,,0,70,,293,60,,,0,100,,294,60,,,0,100,,276,60,,,0,100,,277,60,,,0
101019,'31',704,,295,60,,,0,100,,296,60,,,0,100,,297,60,,,0,100,,298,60,,,0,100,,299,60,,,0,100,,300,60,,,0,100,,301,60,,,0,100,,302,60,,,0,100,,303,60,,,0,100,,304,60,,,0,100,,305,60,,,0,100,,306,60,,,0,100,,307,60,,,0
201019,'30',644,,408,60,,,0,100,,409,60,,,0,100,,410,60,,,0,100,,411,60,,,0,100,,412,60,,,0,100,,413,60,,,0,100,,414,60,,,0,100,,415,60,,,0,100,,416,60,,,0,100,,417,60,,,0,100,,418,60,,,0,100,,419,60,,,0,100,,420,60,,,0,100,,406,60,,,0,100,,407,60,,,0
201019,'31',644,,421,60,,,0,100,,422,60,,,0,100,,423,60,,,0,100,,424,60,,,0,100,,425,60,,,0,100,,426,60,,,0,100,,427,60,,,0,100,,428,60,,,0,100,,429,60,,,0,100,,430,60,,,0,100,,431,60,,,0,100,,432,60,,,0,100,,433,60,,,0
202019,'30',729,,449,450,,,0,100,,450,450,,,0,100,,451,450,,,0,100,,452,450,,,0,100,,453,450,,,0,100,,454,450,,,0,100,,455,450,,,0,100,,456,450,,,0,100,,457,450,,,0,100,,458,450,,,0,100,,459,450,,,0,100,,460,450,,,0,100,,461,450,,,0,100,,447,450,,,0,100,,448,450,,,0
202019,'31',729,,462,450,,,0,100,,463,450,,,0,100,,464,450,,,0,100,,465,450,,,0,100,,466,450,,,0,100,,467,450,,,0,100,,468,450,,,0,100,,469,450,,,0,100,,470,450,,,0,100,,471,450,,,0,100,,472,450,,,0,100,,473,450,,,0,100,,474,450,,,0
301019,'30',734,,490,450,,,0,100,,491,450,,,0,100,,492,450,,,0,100,,493,450,,,0,100,,494,450,,,0,100,,495,450,,,0,100,,496,450,,,0,100,,497,450,,,0,100,,498,450,,,0,100,,499,450,,,0,100,,500,450,,,0,100,,501,450,,,0,100,,502,450,,,0,100,,488,450,,,0,100,,489,450,,,0
301019,'31',734,,503,450,,,0,100,,504,450,,,0,100,,505,450,,,0,100,,506,450,,,0,100,,507,450,,,0,100,,508,450,,,0,100,,509,450,,,0,100,,510,450,,,0,100,,511,450,,,0,100,,512,450,,,0,100,,513,450,,,0,100,,514,450,,,0,100,,515,450,,,0
401019,'30',649,,576,60,,,0,70,,572,60,,,0,30,,577,60,,,0,70,,573,60,,,0,30,,578,60,,,0,100,,579,60,,,0,100,,580,60,,,0,100,,581,60,,,0,100,,582,60,,,0,100,,583,60,,,0,100,,584,60,,,0,100,,585,60,,,0,70,,574,60,,,0,30,,586,60,,,0,70,,575,60,,,0,30,,587,60,,,0,100,,588,60,,,0,100,,570,60,,,0,100,,571,60,,,0
401019,'31',649,,589,60,,,0,100,,590,60,,,0,100,,591,60,,,0,100,,592,60,,,0,100,,593,60,,,0,100,,594,60,,,0,100,,595,60,,,0,100,,596,60,,,0,100,,597,60,,,0,100,,598,60,,,0,100,,599,60,,,0,100,,600,60,,,0,100,,601,60,,,0
