100,17,1,0
100,13,2,0
100,136,3,0
100,9,4,0
100,2,5,0
100,4,6,0
100,14,7,0
100,3,8,0
100,83,9,0
100,6,10,0
100,1,11,0
100,7,12,0
100,5,13,0
100,8,14,0
100,19,15,0
100,10,16,0
100,11,17,0
100,12,18,0
100,18,19,0
100,16,20,0
100,15,21,0
100,20,22,0
100,22,23,0
100,24,24,0
100,81,25,0
100,25,26,0
100,26,27,0
100,28,28,0
100,30,29,0
100,108,30,0
100,36,31,0
100,35,32,0
100,34,33,0
100,33,34,0
100,32,35,0
100,38,36,0
100,46,37,0
100,50,38,0
100,49,39,0
100,48,40,0
100,45,41,0
100,44,42,0
100,47,43,0
100,41,44,0
100,40,45,0
100,39,46,0
100,43,47,0
100,42,48,0
100,115,49,0
100,31,50,0
100,29,51,0
100,27,52,0
100,96,53,0
100,97,54,0
100,93,55,0
100,107,56,0
100,23,57,0
100,21,58,0
100,77,59,1
200,17,1,0
200,13,2,0
200,136,3,0
200,9,4,0
200,2,5,0
200,71,6,0
200,70,7,0
200,72,8,0
200,63,9,0
200,60,10,0
200,61,11,0
200,62,12,0
200,69,13,0
200,8,14,0
200,19,15,0
200,11,16,0
200,12,17,0
200,18,18,0
200,16,19,0
200,15,20,0
200,20,21,0
200,22,22,0
200,24,23,0
200,81,24,0
200,25,25,0
200,141,26,0
200,78,27,0
200,91,28,0
200,76,29,0
200,74,30,0
200,151,31,0
200,64,32,0
200,134,33,0
200,65,34,0
200,66,35,0
200,55,36,0
200,56,37,0
200,57,38,0
200,58,39,0
200,51,40,0
200,52,41,0
200,53,42,0
200,54,43,0
200,59,44,0
200,130,45,0
200,129,46,0
200,67,47,0
200,68,48,0
200,75,49,0
200,73,50,0
200,79,51,0
200,80,52,0
200,96,53,0
200,97,54,0
200,93,55,0
200,107,56,0
200,23,57,0
200,21,58,0
200,77,59,1
300,17,1,0
300,13,2,0
300,136,3,0
300,9,4,0
300,2,5,0
300,4,6,0
300,14,7,0
300,3,8,0
300,83,9,0
300,6,10,0
300,1,11,0
300,7,12,0
300,5,13,0
300,8,14,0
300,11,15,0
300,12,16,0
300,18,17,0
300,16,18,0
300,15,19,0
300,20,20,0
300,22,21,0
300,24,22,0
300,81,23,0
300,25,24,0
300,141,25,0
300,95,26,0
300,98,27,0
300,99,28,0
300,91,29,0
300,155,30,0
300,150,31,0
300,84,32,0
300,86,33,0
300,73,34,0
300,79,35,0
300,87,36,0
300,88,37,0
300,152,38,0
300,153,39,0
300,154,40,0
300,82,41,0
300,85,42,0
300,89,43,0
300,90,44,0
300,92,45,0
300,94,46,0
300,80,47,0
300,96,48,0
300,97,49,0
300,93,50,0
300,107,51,0
300,23,52,0
300,21,53,0
300,77,54,1
400,16,1,0
400,15,2,0
400,20,3,0
400,22,4,0
400,24,5,0
400,81,6,0
400,25,7,0
400,26,8,0
400,28,9,0
400,30,10,0
400,108,11,0
400,36,12,0
400,35,13,0
400,116,14,0
400,109,15,0
400,110,16,0
400,111,17,0
400,112,18,0
400,156,19,0
400,34,20,0
400,113,21,0
400,114,22,0
400,38,23,0
400,37,24,0
400,46,25,0
400,50,26,0
400,49,27,0
400,48,28,0
400,45,29,0
400,44,30,0
400,47,31,0
400,117,32,0
400,157,33,0
400,119,34,0
400,120,35,0
400,158,36,0
400,118,37,0
400,40,38,0
400,39,39,0
400,43,40,0
400,42,41,0
400,115,42,0
400,31,43,0
400,29,44,0
400,27,45,0
400,96,46,0
400,97,47,0
400,93,48,0
400,107,49,0
400,106,50,0
400,105,51,0
400,104,52,0
400,103,53,0
400,101,54,0
400,100,55,0
400,102,56,0
400,12,57,0
400,18,58,1
500,16,1,0
500,17,2,0
500,15,3,0
500,20,4,0
500,22,5,0
500,24,6,0
500,81,7,0
500,25,8,0
500,141,9,0
500,139,10,0
500,140,11,0
500,142,12,0
500,143,13,0
500,144,14,0
500,145,15,0
500,146,16,0
500,147,17,0
500,149,18,0
500,148,19,0
500,31,20,0
500,29,21,0
500,27,22,0
500,96,23,0
500,97,24,0
500,93,25,0
500,107,26,0
500,138,27,0
500,21,28,0
500,77,29,0
500,13,30,0
500,136,31,0
500,135,32,0
500,131,33,0
500,127,34,0
500,123,35,0
500,121,36,0
500,129,37,0
500,133,38,0
500,134,39,0
500,65,40,0
500,128,41,0
500,57,42,0
500,58,43,0
500,125,44,0
500,59,45,0
500,130,46,0
500,122,47,0
500,124,48,0
500,126,49,0
500,132,50,0
500,102,51,0
500,12,52,0
500,18,53,1
600,141,1,0
600,139,2,0
600,140,3,0
600,142,4,0
600,145,5,0
600,108,6,0
600,36,7,0
600,35,8,0
600,34,9,0
600,33,10,0
600,32,11,0
600,38,12,0
600,41,13,0
600,40,14,0
600,39,15,0
600,161,16,0
600,160,17,0
600,43,18,0
600,42,19,0
600,115,20,0
600,31,21,0
600,29,22,0
600,27,23,0
600,91,24,0
600,76,25,0
600,74,26,0
600,162,27,0
600,163,28,0
600,64,29,0
600,134,30,0
600,65,31,0
600,128,32,0
600,57,33,0
600,58,34,0
600,51,35,0
600,52,36,0
600,53,37,0
600,54,38,0
600,59,39,0
600,130,40,0
600,129,41,0
600,67,42,0
600,68,43,0
600,75,44,0
600,73,45,0
600,79,46,1
